21 25 10 4 4 24 31 22 32 32 32 32 32 32 32 32 32 32 32 32 32 32 32 32 32 32 32
21 25 19 11 17 24 29 22 32 32 32 32 32 32 32 32 32 32 32 32 32 32 32 32 32 32 32
21 25 5 0 13 24 27 22 32 32 32 32 32 32 32 32 32 32 32 32 32 32 32 32 32 32 32
21 25 2 14 17 24 29 22 32 32 32 32 32 32 32 32 32 32 32 32 32 32 32 32 32 32 32
21 25 19 15 5 24 31 22 32 32 32 32 32 32 32 32 32 32 32 32 32 32 32 32 32 32 32
21 25 1 1 11 24 29 22 32 32 32 32 32 32 32 32 32 32 32 32 32 32 32 32 32 32 32
21 25 10 3 13 24 28 22 32 32 32 32 32 32 32 32 32 32 32 32 32 32 32 32 32 32 32
21 25 7 18 17 24 28 22 32 32 32 32 32 32 32 32 32 32 32 32 32 32 32 32 32 32 32
21 25 2 11 16 24 29 22 32 32 32 32 32 32 32 32 32 32 32 32 32 32 32 32 32 32 32
21 25 14 14 11 24 30 22 32 32 32 32 32 32 32 32 32 32 32 32 32 32 32 32 32 32 32
21 25 19 15 9 24 28 22 32 32 32 32 32 32 32 32 32 32 32 32 32 32 32 32 32 32 32
21 25 0 6 18 24 31 22 32 32 32 32 32 32 32 32 32 32 32 32 32 32 32 32 32 32 32
21 25 0 17 9 24 30 22 32 32 32 32 32 32 32 32 32 32 32 32 32 32 32 32 32 32 32
21 25 5 7 1 24 30 22 32 32 32 32 32 32 32 32 32 32 32 32 32 32 32 32 32 32 32
21 25 11 8 14 24 28 22 32 32 32 32 32 32 32 32 32 32 32 32 32 32 32 32 32 32 32
21 25 18 17 16 24 28 22 32 32 32 32 32 32 32 32 32 32 32 32 32 32 32 32 32 32 32
21 25 8 9 1 24 30 22 32 32 32 32 32 32 32 32 32 32 32 32 32 32 32 32 32 32 32
21 25 0 10 8 24 31 22 32 32 32 32 32 32 32 32 32 32 32 32 32 32 32 32 32 32 32
21 25 3 3 1 24 29 22 32 32 32 32 32 32 32 32 32 32 32 32 32 32 32 32 32 32 32
21 25 16 8 19 24 29 22 32 32 32 32 32 32 32 32 32 32 32 32 32 32 32 32 32 32 32
21 25 14 13 13 24 31 22 32 32 32 32 32 32 32 32 32 32 32 32 32 32 32 32 32 32 32
21 25 18 1 6 24 27 22 32 32 32 32 32 32 32 32 32 32 32 32 32 32 32 32 32 32 32
21 25 9 0 10 24 27 22 32 32 32 32 32 32 32 32 32 32 32 32 32 32 32 32 32 32 32
21 25 17 4 9 24 28 22 32 32 32 32 32 32 32 32 32 32 32 32 32 32 32 32 32 32 32
21 25 8 8 4 24 30 22 32 32 32 32 32 32 32 32 32 32 32 32 32 32 32 32 32 32 32
21 25 1 14 0 24 31 22 32 32 32 32 32 32 32 32 32 32 32 32 32 32 32 32 32 32 32
21 25 4 17 12 24 31 22 32 32 32 32 32 32 32 32 32 32 32 32 32 32 32 32 32 32 32
21 25 2 12 14 24 30 22 32 32 32 32 32 32 32 32 32 32 32 32 32 32 32 32 32 32 32
21 25 18 8 6 24 29 22 32 32 32 32 32 32 32 32 32 32 32 32 32 32 32 32 32 32 32
21 25 8 15 1 24 30 22 32 32 32 32 32 32 32 32 32 32 32 32 32 32 32 32 32 32 32
21 25 15 2 11 24 29 22 32 32 32 32 32 32 32 32 32 32 32 32 32 32 32 32 32 32 32
21 25 11 10 18 24 29 22 32 32 32 32 32 32 32 32 32 32 32 32 32 32 32 32 32 32 32
21 25 19 16 8 24 29 22 32 32 32 32 32 32 32 32 32 32 32 32 32 32 32 32 32 32 32
21 25 18 4 7 24 31 22 32 32 32 32 32 32 32 32 32 32 32 32 32 32 32 32 32 32 32
21 25 16 9 16 24 30 22 32 32 32 32 32 32 32 32 32 32 32 32 32 32 32 32 32 32 32
21 25 0 9 6 24 27 22 32 32 32 32 32 32 32 32 32 32 32 32 32 32 32 32 32 32 32
21 25 12 19 3 24 29 22 32 32 32 32 32 32 32 32 32 32 32 32 32 32 32 32 32 32 32
21 25 12 18 18 24 28 22 32 32 32 32 32 32 32 32 32 32 32 32 32 32 32 32 32 32 32
21 25 17 17 16 24 30 22 32 32 32 32 32 32 32 32 32 32 32 32 32 32 32 32 32 32 32
21 25 3 18 19 24 28 22 32 32 32 32 32 32 32 32 32 32 32 32 32 32 32 32 32 32 32
21 25 8 1 16 24 29 22 32 32 32 32 32 32 32 32 32 32 32 32 32 32 32 32 32 32 32
21 25 10 3 13 24 27 22 32 32 32 32 32 32 32 32 32 32 32 32 32 32 32 32 32 32 32
21 25 9 0 11 24 28 22 32 32 32 32 32 32 32 32 32 32 32 32 32 32 32 32 32 32 32
21 25 17 15 15 24 31 22 32 32 32 32 32 32 32 32 32 32 32 32 32 32 32 32 32 32 32
21 25 17 0 18 24 27 22 32 32 32 32 32 32 32 32 32 32 32 32 32 32 32 32 32 32 32
21 25 5 12 9 24 27 22 32 32 32 32 32 32 32 32 32 32 32 32 32 32 32 32 32 32 32
21 25 1 13 0 24 29 22 32 32 32 32 32 32 32 32 32 32 32 32 32 32 32 32 32 32 32
21 25 16 18 11 24 29 22 32 32 32 32 32 32 32 32 32 32 32 32 32 32 32 32 32 32 32
21 25 10 5 19 24 31 22 32 32 32 32 32 32 32 32 32 32 32 32 32 32 32 32 32 32 32
21 25 14 8 5 24 28 22 32 32 32 32 32 32 32 32 32 32 32 32 32 32 32 32 32 32 32
21 25 12 8 7 24 29 22 32 32 32 32 32 32 32 32 32 32 32 32 32 32 32 32 32 32 32
21 25 11 3 0 24 29 22 32 32 32 32 32 32 32 32 32 32 32 32 32 32 32 32 32 32 32
21 25 9 9 16 24 29 22 32 32 32 32 32 32 32 32 32 32 32 32 32 32 32 32 32 32 32
21 25 6 19 3 24 30 22 32 32 32 32 32 32 32 32 32 32 32 32 32 32 32 32 32 32 32
21 25 7 1 19 24 28 22 32 32 32 32 32 32 32 32 32 32 32 32 32 32 32 32 32 32 32
21 25 9 2 16 24 28 22 32 32 32 32 32 32 32 32 32 32 32 32 32 32 32 32 32 32 32
21 25 4 1 1 24 31 22 32 32 32 32 32 32 32 32 32 32 32 32 32 32 32 32 32 32 32
21 25 2 7 14 24 30 22 32 32 32 32 32 32 32 32 32 32 32 32 32 32 32 32 32 32 32
21 25 3 11 11 24 31 22 32 32 32 32 32 32 32 32 32 32 32 32 32 32 32 32 32 32 32
21 25 11 1 6 24 28 22 32 32 32 32 32 32 32 32 32 32 32 32 32 32 32 32 32 32 32
21 25 0 13 8 24 28 22 32 32 32 32 32 32 32 32 32 32 32 32 32 32 32 32 32 32 32
21 25 14 19 19 24 30 22 32 32 32 32 32 32 32 32 32 32 32 32 32 32 32 32 32 32 32
21 25 5 12 19 24 27 22 32 32 32 32 32 32 32 32 32 32 32 32 32 32 32 32 32 32 32
21 25 17 12 8 24 28 22 32 32 32 32 32 32 32 32 32 32 32 32 32 32 32 32 32 32 32
21 25 18 6 6 24 31 22 32 32 32 32 32 32 32 32 32 32 32 32 32 32 32 32 32 32 32
21 25 13 1 18 24 31 22 32 32 32 32 32 32 32 32 32 32 32 32 32 32 32 32 32 32 32
21 25 15 8 9 24 30 22 32 32 32 32 32 32 32 32 32 32 32 32 32 32 32 32 32 32 32
21 25 3 10 19 24 28 22 32 32 32 32 32 32 32 32 32 32 32 32 32 32 32 32 32 32 32
21 25 17 5 9 24 28 22 32 32 32 32 32 32 32 32 32 32 32 32 32 32 32 32 32 32 32
21 25 7 12 15 24 29 22 32 32 32 32 32 32 32 32 32 32 32 32 32 32 32 32 32 32 32
21 25 4 2 15 24 31 22 32 32 32 32 32 32 32 32 32 32 32 32 32 32 32 32 32 32 32
21 25 5 11 15 24 30 22 32 32 32 32 32 32 32 32 32 32 32 32 32 32 32 32 32 32 32
21 25 4 0 19 24 31 22 32 32 32 32 32 32 32 32 32 32 32 32 32 32 32 32 32 32 32
21 25 15 5 11 24 30 22 32 32 32 32 32 32 32 32 32 32 32 32 32 32 32 32 32 32 32
21 25 9 8 14 24 30 22 32 32 32 32 32 32 32 32 32 32 32 32 32 32 32 32 32 32 32
21 25 10 6 3 24 30 22 32 32 32 32 32 32 32 32 32 32 32 32 32 32 32 32 32 32 32
21 25 10 2 3 24 29 22 32 32 32 32 32 32 32 32 32 32 32 32 32 32 32 32 32 32 32
21 25 12 19 2 24 28 22 32 32 32 32 32 32 32 32 32 32 32 32 32 32 32 32 32 32 32
21 25 18 10 1 24 30 22 32 32 32 32 32 32 32 32 32 32 32 32 32 32 32 32 32 32 32
21 25 15 10 17 24 30 22 32 32 32 32 32 32 32 32 32 32 32 32 32 32 32 32 32 32 32
21 25 9 3 14 24 30 22 32 32 32 32 32 32 32 32 32 32 32 32 32 32 32 32 32 32 32
21 25 14 4 13 24 27 22 32 32 32 32 32 32 32 32 32 32 32 32 32 32 32 32 32 32 32
21 25 8 5 5 24 30 22 32 32 32 32 32 32 32 32 32 32 32 32 32 32 32 32 32 32 32
21 25 3 18 6 24 29 22 32 32 32 32 32 32 32 32 32 32 32 32 32 32 32 32 32 32 32
21 25 16 15 14 24 28 22 32 32 32 32 32 32 32 32 32 32 32 32 32 32 32 32 32 32 32
21 25 19 4 11 24 27 22 32 32 32 32 32 32 32 32 32 32 32 32 32 32 32 32 32 32 32
21 25 14 18 19 24 27 22 32 32 32 32 32 32 32 32 32 32 32 32 32 32 32 32 32 32 32
21 25 19 12 11 24 30 22 32 32 32 32 32 32 32 32 32 32 32 32 32 32 32 32 32 32 32
21 25 7 2 18 24 28 22 32 32 32 32 32 32 32 32 32 32 32 32 32 32 32 32 32 32 32
21 25 2 0 7 24 30 22 32 32 32 32 32 32 32 32 32 32 32 32 32 32 32 32 32 32 32
21 25 19 15 9 24 27 22 32 32 32 32 32 32 32 32 32 32 32 32 32 32 32 32 32 32 32
21 25 13 19 9 24 27 22 32 32 32 32 32 32 32 32 32 32 32 32 32 32 32 32 32 32 32
21 25 7 15 14 24 31 22 32 32 32 32 32 32 32 32 32 32 32 32 32 32 32 32 32 32 32
21 25 12 8 9 24 28 22 32 32 32 32 32 32 32 32 32 32 32 32 32 32 32 32 32 32 32
21 25 10 16 6 24 29 22 32 32 32 32 32 32 32 32 32 32 32 32 32 32 32 32 32 32 32
21 25 9 11 10 24 29 22 32 32 32 32 32 32 32 32 32 32 32 32 32 32 32 32 32 32 32
21 25 3 8 5 24 27 22 32 32 32 32 32 32 32 32 32 32 32 32 32 32 32 32 32 32 32
21 25 0 3 17 24 29 22 32 32 32 32 32 32 32 32 32 32 32 32 32 32 32 32 32 32 32
21 25 13 7 15 24 28 22 32 32 32 32 32 32 32 32 32 32 32 32 32 32 32 32 32 32 32
21 25 0 10 11 24 29 22 32 32 32 32 32 32 32 32 32 32 32 32 32 32 32 32 32 32 32
21 25 16 15 19 24 29 22 32 32 32 32 32 32 32 32 32 32 32 32 32 32 32 32 32 32 32
21 25 7 6 13 24 30 22 32 32 32 32 32 32 32 32 32 32 32 32 32 32 32 32 32 32 32
21 25 0 9 18 24 29 22 32 32 32 32 32 32 32 32 32 32 32 32 32 32 32 32 32 32 32
21 25 10 2 3 24 31 22 32 32 32 32 32 32 32 32 32 32 32 32 32 32 32 32 32 32 32
21 25 2 3 9 24 31 22 32 32 32 32 32 32 32 32 32 32 32 32 32 32 32 32 32 32 32
21 25 1 14 13 24 30 22 32 32 32 32 32 32 32 32 32 32 32 32 32 32 32 32 32 32 32
21 25 9 9 14 24 29 22 32 32 32 32 32 32 32 32 32 32 32 32 32 32 32 32 32 32 32
21 25 16 5 0 24 27 22 32 32 32 32 32 32 32 32 32 32 32 32 32 32 32 32 32 32 32
21 25 15 14 10 24 31 22 32 32 32 32 32 32 32 32 32 32 32 32 32 32 32 32 32 32 32
21 25 12 2 2 24 28 22 32 32 32 32 32 32 32 32 32 32 32 32 32 32 32 32 32 32 32
21 25 6 11 1 24 29 22 32 32 32 32 32 32 32 32 32 32 32 32 32 32 32 32 32 32 32
21 25 8 6 1 24 28 22 32 32 32 32 32 32 32 32 32 32 32 32 32 32 32 32 32 32 32
21 25 15 8 14 24 30 22 32 32 32 32 32 32 32 32 32 32 32 32 32 32 32 32 32 32 32
21 25 16 19 3 24 30 22 32 32 32 32 32 32 32 32 32 32 32 32 32 32 32 32 32 32 32
21 25 9 18 16 24 28 22 32 32 32 32 32 32 32 32 32 32 32 32 32 32 32 32 32 32 32
21 25 16 7 13 24 27 22 32 32 32 32 32 32 32 32 32 32 32 32 32 32 32 32 32 32 32
21 25 4 9 15 24 29 22 32 32 32 32 32 32 32 32 32 32 32 32 32 32 32 32 32 32 32
21 25 2 11 2 24 31 22 32 32 32 32 32 32 32 32 32 32 32 32 32 32 32 32 32 32 32
21 25 5 10 9 24 29 22 32 32 32 32 32 32 32 32 32 32 32 32 32 32 32 32 32 32 32
21 25 18 14 16 24 29 22 32 32 32 32 32 32 32 32 32 32 32 32 32 32 32 32 32 32 32
21 25 2 4 19 24 27 22 32 32 32 32 32 32 32 32 32 32 32 32 32 32 32 32 32 32 32
21 25 18 18 7 24 29 22 32 32 32 32 32 32 32 32 32 32 32 32 32 32 32 32 32 32 32
21 25 15 7 11 24 27 22 32 32 32 32 32 32 32 32 32 32 32 32 32 32 32 32 32 32 32
21 25 1 18 17 24 29 22 32 32 32 32 32 32 32 32 32 32 32 32 32 32 32 32 32 32 32
21 25 10 1 13 24 31 22 32 32 32 32 32 32 32 32 32 32 32 32 32 32 32 32 32 32 32
21 25 2 5 18 24 28 22 32 32 32 32 32 32 32 32 32 32 32 32 32 32 32 32 32 32 32
21 25 12 13 11 24 31 22 32 32 32 32 32 32 32 32 32 32 32 32 32 32 32 32 32 32 32
21 25 7 19 6 24 31 22 32 32 32 32 32 32 32 32 32 32 32 32 32 32 32 32 32 32 32
21 25 10 13 10 24 31 22 32 32 32 32 32 32 32 32 32 32 32 32 32 32 32 32 32 32 32
21 25 12 14 7 24 29 22 32 32 32 32 32 32 32 32 32 32 32 32 32 32 32 32 32 32 32
21 25 14 14 12 24 30 22 32 32 32 32 32 32 32 32 32 32 32 32 32 32 32 32 32 32 32
21 25 10 0 11 24 30 22 32 32 32 32 32 32 32 32 32 32 32 32 32 32 32 32 32 32 32
21 25 15 14 16 24 28 22 32 32 32 32 32 32 32 32 32 32 32 32 32 32 32 32 32 32 32
21 25 7 19 6 24 29 22 32 32 32 32 32 32 32 32 32 32 32 32 32 32 32 32 32 32 32
21 25 10 6 8 24 28 22 32 32 32 32 32 32 32 32 32 32 32 32 32 32 32 32 32 32 32
21 25 6 1 15 24 29 22 32 32 32 32 32 32 32 32 32 32 32 32 32 32 32 32 32 32 32
21 25 18 10 13 24 27 22 32 32 32 32 32 32 32 32 32 32 32 32 32 32 32 32 32 32 32
21 25 3 13 6 24 29 22 32 32 32 32 32 32 32 32 32 32 32 32 32 32 32 32 32 32 32
21 25 11 11 5 24 29 22 32 32 32 32 32 32 32 32 32 32 32 32 32 32 32 32 32 32 32
21 25 10 10 5 24 28 22 32 32 32 32 32 32 32 32 32 32 32 32 32 32 32 32 32 32 32
21 25 18 1 9 24 30 22 32 32 32 32 32 32 32 32 32 32 32 32 32 32 32 32 32 32 32
21 25 16 2 16 24 28 22 32 32 32 32 32 32 32 32 32 32 32 32 32 32 32 32 32 32 32
21 25 15 18 15 24 28 22 32 32 32 32 32 32 32 32 32 32 32 32 32 32 32 32 32 32 32
21 25 12 1 5 24 29 22 32 32 32 32 32 32 32 32 32 32 32 32 32 32 32 32 32 32 32
21 25 3 13 6 24 28 22 32 32 32 32 32 32 32 32 32 32 32 32 32 32 32 32 32 32 32
21 25 0 6 19 24 29 22 32 32 32 32 32 32 32 32 32 32 32 32 32 32 32 32 32 32 32
21 25 6 2 8 24 31 22 32 32 32 32 32 32 32 32 32 32 32 32 32 32 32 32 32 32 32
21 25 3 12 0 24 30 22 32 32 32 32 32 32 32 32 32 32 32 32 32 32 32 32 32 32 32
21 25 10 0 4 24 29 22 32 32 32 32 32 32 32 32 32 32 32 32 32 32 32 32 32 32 32
21 25 1 9 5 24 31 22 32 32 32 32 32 32 32 32 32 32 32 32 32 32 32 32 32 32 32
21 25 12 3 2 24 28 22 32 32 32 32 32 32 32 32 32 32 32 32 32 32 32 32 32 32 32
21 25 19 7 16 24 30 22 32 32 32 32 32 32 32 32 32 32 32 32 32 32 32 32 32 32 32
21 25 15 4 19 24 27 22 32 32 32 32 32 32 32 32 32 32 32 32 32 32 32 32 32 32 32
21 25 8 9 16 24 28 22 32 32 32 32 32 32 32 32 32 32 32 32 32 32 32 32 32 32 32
21 25 0 12 1 24 27 22 32 32 32 32 32 32 32 32 32 32 32 32 32 32 32 32 32 32 32
21 25 4 7 17 24 31 22 32 32 32 32 32 32 32 32 32 32 32 32 32 32 32 32 32 32 32
21 25 0 18 6 24 30 22 32 32 32 32 32 32 32 32 32 32 32 32 32 32 32 32 32 32 32
21 25 2 3 5 24 29 22 32 32 32 32 32 32 32 32 32 32 32 32 32 32 32 32 32 32 32
21 25 2 3 13 24 31 22 32 32 32 32 32 32 32 32 32 32 32 32 32 32 32 32 32 32 32
21 25 12 8 0 24 29 22 32 32 32 32 32 32 32 32 32 32 32 32 32 32 32 32 32 32 32
21 25 11 7 7 24 27 22 32 32 32 32 32 32 32 32 32 32 32 32 32 32 32 32 32 32 32
21 25 14 3 12 24 30 22 32 32 32 32 32 32 32 32 32 32 32 32 32 32 32 32 32 32 32
21 25 19 17 5 24 28 22 32 32 32 32 32 32 32 32 32 32 32 32 32 32 32 32 32 32 32
21 25 11 6 16 24 30 22 32 32 32 32 32 32 32 32 32 32 32 32 32 32 32 32 32 32 32
21 25 16 3 15 24 30 22 32 32 32 32 32 32 32 32 32 32 32 32 32 32 32 32 32 32 32
21 25 12 8 6 24 31 22 32 32 32 32 32 32 32 32 32 32 32 32 32 32 32 32 32 32 32
21 25 1 13 2 24 30 22 32 32 32 32 32 32 32 32 32 32 32 32 32 32 32 32 32 32 32
21 25 14 14 2 24 30 22 32 32 32 32 32 32 32 32 32 32 32 32 32 32 32 32 32 32 32
21 25 16 10 12 24 27 22 32 32 32 32 32 32 32 32 32 32 32 32 32 32 32 32 32 32 32
21 25 6 16 14 24 27 22 32 32 32 32 32 32 32 32 32 32 32 32 32 32 32 32 32 32 32
21 25 17 2 19 24 28 22 32 32 32 32 32 32 32 32 32 32 32 32 32 32 32 32 32 32 32
21 25 16 13 4 24 29 22 32 32 32 32 32 32 32 32 32 32 32 32 32 32 32 32 32 32 32
21 25 13 0 3 24 29 22 32 32 32 32 32 32 32 32 32 32 32 32 32 32 32 32 32 32 32
21 25 16 19 2 24 30 22 32 32 32 32 32 32 32 32 32 32 32 32 32 32 32 32 32 32 32
21 25 12 16 8 24 28 22 32 32 32 32 32 32 32 32 32 32 32 32 32 32 32 32 32 32 32
21 25 2 17 18 24 30 22 32 32 32 32 32 32 32 32 32 32 32 32 32 32 32 32 32 32 32
21 25 1 17 0 24 31 22 32 32 32 32 32 32 32 32 32 32 32 32 32 32 32 32 32 32 32
21 25 13 15 17 24 29 22 32 32 32 32 32 32 32 32 32 32 32 32 32 32 32 32 32 32 32
21 25 0 10 5 24 31 22 32 32 32 32 32 32 32 32 32 32 32 32 32 32 32 32 32 32 32
21 25 4 1 19 24 28 22 32 32 32 32 32 32 32 32 32 32 32 32 32 32 32 32 32 32 32
21 25 14 18 18 24 31 22 32 32 32 32 32 32 32 32 32 32 32 32 32 32 32 32 32 32 32
21 25 17 15 15 24 27 22 32 32 32 32 32 32 32 32 32 32 32 32 32 32 32 32 32 32 32
21 25 18 5 6 24 31 22 32 32 32 32 32 32 32 32 32 32 32 32 32 32 32 32 32 32 32
21 25 18 3 4 24 29 22 32 32 32 32 32 32 32 32 32 32 32 32 32 32 32 32 32 32 32
21 25 5 18 18 24 27 22 32 32 32 32 32 32 32 32 32 32 32 32 32 32 32 32 32 32 32
21 25 4 5 12 24 28 22 32 32 32 32 32 32 32 32 32 32 32 32 32 32 32 32 32 32 32
21 25 19 13 10 24 27 22 32 32 32 32 32 32 32 32 32 32 32 32 32 32 32 32 32 32 32
21 25 9 6 14 24 31 22 32 32 32 32 32 32 32 32 32 32 32 32 32 32 32 32 32 32 32
21 25 9 16 14 24 28 22 32 32 32 32 32 32 32 32 32 32 32 32 32 32 32 32 32 32 32
21 25 10 5 2 24 27 22 32 32 32 32 32 32 32 32 32 32 32 32 32 32 32 32 32 32 32
21 25 6 16 10 24 27 22 32 32 32 32 32 32 32 32 32 32 32 32 32 32 32 32 32 32 32
21 25 3 2 13 24 31 22 32 32 32 32 32 32 32 32 32 32 32 32 32 32 32 32 32 32 32
21 25 9 16 9 24 30 22 32 32 32 32 32 32 32 32 32 32 32 32 32 32 32 32 32 32 32
21 25 3 8 15 24 29 22 32 32 32 32 32 32 32 32 32 32 32 32 32 32 32 32 32 32 32
21 25 4 0 7 24 27 22 32 32 32 32 32 32 32 32 32 32 32 32 32 32 32 32 32 32 32
21 25 12 5 17 24 27 22 32 32 32 32 32 32 32 32 32 32 32 32 32 32 32 32 32 32 32
21 25 7 12 11 24 28 22 32 32 32 32 32 32 32 32 32 32 32 32 32 32 32 32 32 32 32
21 25 7 6 12 24 30 22 32 32 32 32 32 32 32 32 32 32 32 32 32 32 32 32 32 32 32
21 25 12 18 19 24 28 22 32 32 32 32 32 32 32 32 32 32 32 32 32 32 32 32 32 32 32
21 25 16 1 16 24 31 22 32 32 32 32 32 32 32 32 32 32 32 32 32 32 32 32 32 32 32
21 26 6 14 8 14 24 26 8 14 8 12 24 26 8 12 6 12 24 26 6 12 6 14 24 31 22
21 26 5 14 11 14 24 26 11 14 11 8 24 26 11 8 5 8 24 26 5 8 5 14 24 27 22
21 26 7 17 12 17 24 26 12 17 12 16 24 26 12 16 7 16 24 26 7 16 7 17 24 31 22
21 26 5 15 12 15 24 26 12 15 12 10 24 26 12 10 5 10 24 26 5 10 5 15 24 27 22
21 26 7 19 12 19 24 26 12 19 12 15 24 26 12 15 7 15 24 26 7 15 7 19 24 31 22
21 26 9 18 17 18 24 26 17 18 17 15 24 26 17 15 9 15 24 26 9 15 9 18 24 28 22
21 26 9 18 12 18 24 26 12 18 12 14 24 26 12 14 9 14 24 26 9 14 9 18 24 31 22
21 26 1 16 4 16 24 26 4 16 4 8 24 26 4 8 1 8 24 26 1 8 1 16 24 27 22
21 26 3 15 12 15 24 26 12 15 12 6 24 26 12 6 3 6 24 26 3 6 3 15 24 31 22
21 26 8 13 11 13 24 26 11 13 11 5 24 26 11 5 8 5 24 26 8 5 8 13 24 31 22
21 26 1 18 1 18 24 26 1 18 1 15 24 26 1 15 1 15 24 26 1 15 1 18 24 27 22
21 26 4 12 10 12 24 26 10 12 10 9 24 26 10 9 4 9 24 26 4 9 4 12 24 29 22
21 26 9 15 18 15 24 26 18 15 18 10 24 26 18 10 9 10 24 26 9 10 9 15 24 27 22
21 26 9 18 18 18 24 26 18 18 18 11 24 26 18 11 9 11 24 26 9 11 9 18 24 27 22
21 26 1 17 11 17 24 26 11 17 11 17 24 26 11 17 1 17 24 26 1 17 1 17 24 29 22
21 26 4 17 6 17 24 26 6 17 6 16 24 26 6 16 4 16 24 26 4 16 4 17 24 27 22
21 26 7 16 17 16 24 26 17 16 17 7 24 26 17 7 7 7 24 26 7 7 7 16 24 31 22
21 26 8 12 10 12 24 26 10 12 10 9 24 26 10 9 8 9 24 26 8 9 8 12 24 27 22
21 26 5 12 8 12 24 26 8 12 8 2 24 26 8 2 5 2 24 26 5 2 5 12 24 27 22
21 26 4 10 6 10 24 26 6 10 6 4 24 26 6 4 4 4 24 26 4 4 4 10 24 28 22
21 26 8 11 10 11 24 26 10 11 10 4 24 26 10 4 8 4 24 26 8 4 8 11 24 31 22
21 26 7 14 13 14 24 26 13 14 13 8 24 26 13 8 7 8 24 26 7 8 7 14 24 27 22
21 26 7 14 8 14 24 26 8 14 8 10 24 26 8 10 7 10 24 26 7 10 7 14 24 29 22
21 26 1 18 10 18 24 26 10 18 10 17 24 26 10 17 1 17 24 26 1 17 1 18 24 27 22
21 26 9 17 12 17 24 26 12 17 12 17 24 26 12 17 9 17 24 26 9 17 9 17 24 31 22
21 26 0 18 5 18 24 26 5 18 5 15 24 26 5 15 0 15 24 26 0 15 0 18 24 27 22
21 26 9 13 14 13 24 26 14 13 14 8 24 26 14 8 9 8 24 26 9 8 9 13 24 30 22
21 26 5 15 11 15 24 26 11 15 11 10 24 26 11 10 5 10 24 26 5 10 5 15 24 30 22
21 26 9 10 12 10 24 26 12 10 12 3 24 26 12 3 9 3 24 26 9 3 9 10 24 29 22
21 26 1 19 7 19 24 26 7 19 7 12 24 26 7 12 1 12 24 26 1 12 1 19 24 29 22
21 26 5 12 11 12 24 26 11 12 11 6 24 26 11 6 5 6 24 26 5 6 5 12 24 29 22
21 26 2 19 8 19 24 26 8 19 8 13 24 26 8 13 2 13 24 26 2 13 2 19 24 27 22
21 26 5 18 10 18 24 26 10 18 10 11 24 26 10 11 5 11 24 26 5 11 5 18 24 30 22
21 26 1 10 7 10 24 26 7 10 7 6 24 26 7 6 1 6 24 26 1 6 1 10 24 30 22
21 26 2 12 10 12 24 26 10 12 10 3 24 26 10 3 2 3 24 26 2 3 2 12 24 30 22
21 26 8 13 11 13 24 26 11 13 11 10 24 26 11 10 8 10 24 26 8 10 8 13 24 30 22
21 26 5 16 14 16 24 26 14 16 14 16 24 26 14 16 5 16 24 26 5 16 5 16 24 30 22
21 26 9 17 19 17 24 26 19 17 19 11 24 26 19 11 9 11 24 26 9 11 9 17 24 30 22
21 26 8 13 15 13 24 26 15 13 15 6 24 26 15 6 8 6 24 26 8 6 8 13 24 30 22
21 26 1 17 7 17 24 26 7 17 7 9 24 26 7 9 1 9 24 26 1 9 1 17 24 31 22
21 26 2 11 10 11 24 26 10 11 10 7 24 26 10 7 2 7 24 26 2 7 2 11 24 30 22
21 26 3 14 11 14 24 26 11 14 11 12 24 26 11 12 3 12 24 26 3 12 3 14 24 29 22
21 26 6 16 6 16 24 26 6 16 6 13 24 26 6 13 6 13 24 26 6 13 6 16 24 28 22
21 26 7 15 16 15 24 26 16 15 16 12 24 26 16 12 7 12 24 26 7 12 7 15 24 31 22
21 26 0 17 0 17 24 26 0 17 0 16 24 26 0 16 0 16 24 26 0 16 0 17 24 27 22
21 26 5 12 9 12 24 26 9 12 9 8 24 26 9 8 5 8 24 26 5 8 5 12 24 27 22
21 26 9 14 15 14 24 26 15 14 15 6 24 26 15 6 9 6 24 26 9 6 9 14 24 27 22
21 26 1 15 6 15 24 26 6 15 6 7 24 26 6 7 1 7 24 26 1 7 1 15 24 27 22
21 26 4 19 9 19 24 26 9 19 9 14 24 26 9 14 4 14 24 26 4 14 4 19 24 29 22
21 26 4 18 13 18 24 26 13 18 13 17 24 26 13 17 4 17 24 26 4 17 4 18 24 30 22
21 26 7 17 9 17 24 26 9 17 9 11 24 26 9 11 7 11 24 26 7 11 7 17 24 27 22
21 26 7 11 11 11 24 26 11 11 11 4 24 26 11 4 7 4 24 26 7 4 7 11 24 31 22
21 26 9 19 11 19 24 26 11 19 11 14 24 26 11 14 9 14 24 26 9 14 9 19 24 29 22
21 26 4 13 8 13 24 26 8 13 8 11 24 26 8 11 4 11 24 26 4 11 4 13 24 27 22
21 26 8 15 16 15 24 26 16 15 16 12 24 26 16 12 8 12 24 26 8 12 8 15 24 29 22
21 26 6 18 7 18 24 26 7 18 7 17 24 26 7 17 6 17 24 26 6 17 6 18 24 27 22
21 26 4 13 11 13 24 26 11 13 11 9 24 26 11 9 4 9 24 26 4 9 4 13 24 27 22
21 26 4 12 7 12 24 26 7 12 7 2 24 26 7 2 4 2 24 26 4 2 4 12 24 30 22
21 26 3 16 6 16 24 26 6 16 6 13 24 26 6 13 3 13 24 26 3 13 3 16 24 29 22
21 26 6 12 13 12 24 26 13 12 13 10 24 26 13 10 6 10 24 26 6 10 6 12 24 30 22
21 26 3 10 10 10 24 26 10 10 10 7 24 26 10 7 3 7 24 26 3 7 3 10 24 30 22
21 26 4 18 8 18 24 26 8 18 8 17 24 26 8 17 4 17 24 26 4 17 4 18 24 27 22
21 26 7 15 13 15 24 26 13 15 13 6 24 26 13 6 7 6 24 26 7 6 7 15 24 28 22
21 26 2 19 4 19 24 26 4 19 4 18 24 26 4 18 2 18 24 26 2 18 2 19 24 31 22
21 26 3 19 8 19 24 26 8 19 8 11 24 26 8 11 3 11 24 26 3 11 3 19 24 30 22
21 26 2 10 7 10 24 26 7 10 7 4 24 26 7 4 2 4 24 26 2 4 2 10 24 28 22
21 26 1 19 8 19 24 26 8 19 8 18 24 26 8 18 1 18 24 26 1 18 1 19 24 28 22
21 26 5 10 9 10 24 26 9 10 9 3 24 26 9 3 5 3 24 26 5 3 5 10 24 29 22
21 26 0 13 1 13 24 26 1 13 1 12 24 26 1 12 0 12 24 26 0 12 0 13 24 29 22
21 26 6 12 12 12 24 26 12 12 12 6 24 26 12 6 6 6 24 26 6 6 6 12 24 30 22
21 26 7 17 14 17 24 26 14 17 14 12 24 26 14 12 7 12 24 26 7 12 7 17 24 31 22
21 26 3 19 6 19 24 26 6 19 6 11 24 26 6 11 3 11 24 26 3 11 3 19 24 27 22
21 26 6 15 8 15 24 26 8 15 8 5 24 26 8 5 6 5 24 26 6 5 6 15 24 30 22
21 26 1 12 7 12 24 26 7 12 7 8 24 26 7 8 1 8 24 26 1 8 1 12 24 27 22
21 26 1 17 11 17 24 26 11 17 11 11 24 26 11 11 1 11 24 26 1 11 1 17 24 27 22
21 26 1 19 9 19 24 26 9 19 9 11 24 26 9 11 1 11 24 26 1 11 1 19 24 28 22
21 26 9 18 18 18 24 26 18 18 18 8 24 26 18 8 9 8 24 26 9 8 9 18 24 27 22
21 26 8 17 16 17 24 26 16 17 16 8 24 26 16 8 8 8 24 26 8 8 8 17 24 28 22
21 26 7 12 16 12 24 26 16 12 16 12 24 26 16 12 7 12 24 26 7 12 7 12 24 29 22
21 26 6 11 10 11 24 26 10 11 10 8 24 26 10 8 6 8 24 26 6 8 6 11 24 28 22
21 26 7 13 16 13 24 26 16 13 16 9 24 26 16 9 7 9 24 26 7 9 7 13 24 30 22
21 26 6 18 15 18 24 26 15 18 15 13 24 26 15 13 6 13 24 26 6 13 6 18 24 31 22
21 26 2 19 11 19 24 26 11 19 11 10 24 26 11 10 2 10 24 26 2 10 2 19 24 28 22
21 26 5 16 9 16 24 26 9 16 9 11 24 26 9 11 5 11 24 26 5 11 5 16 24 30 22
21 26 1 16 6 16 24 26 6 16 6 14 24 26 6 14 1 14 24 26 1 14 1 16 24 27 22
21 26 3 13 5 13 24 26 5 13 5 3 24 26 5 3 3 3 24 26 3 3 3 13 24 31 22
21 26 8 12 11 12 24 26 11 12 11 2 24 26 11 2 8 2 24 26 8 2 8 12 24 30 22
21 26 6 17 13 17 24 26 13 17 13 12 24 26 13 12 6 12 24 26 6 12 6 17 24 28 22
21 26 6 18 15 18 24 26 15 18 15 14 24 26 15 14 6 14 24 26 6 14 6 18 24 31 22
21 26 4 15 13 15 24 26 13 15 13 14 24 26 13 14 4 14 24 26 4 14 4 15 24 31 22
21 26 2 10 8 10 24 26 8 10 8 4 24 26 8 4 2 4 24 26 2 4 2 10 24 27 22
21 26 2 15 4 15 24 26 4 15 4 9 24 26 4 9 2 9 24 26 2 9 2 15 24 29 22
21 26 0 14 0 14 24 26 0 14 0 6 24 26 0 6 0 6 24 26 0 6 0 14 24 29 22
21 26 8 11 11 11 24 26 11 11 11 6 24 26 11 6 8 6 24 26 8 6 8 11 24 28 22
21 26 3 17 10 17 24 26 10 17 10 9 24 26 10 9 3 9 24 26 3 9 3 17 24 27 22
21 26 7 11 12 11 24 26 12 11 12 7 24 26 12 7 7 7 24 26 7 7 7 11 24 31 22
21 26 4 18 7 18 24 26 7 18 7 16 24 26 7 16 4 16 24 26 4 16 4 18 24 28 22
21 26 2 13 5 13 24 26 5 13 5 10 24 26 5 10 2 10 24 26 2 10 2 13 24 28 22
21 26 1 13 11 13 24 26 11 13 11 12 24 26 11 12 1 12 24 26 1 12 1 13 24 28 22
21 26 7 11 16 11 24 26 16 11 16 6 24 26 16 6 7 6 24 26 7 6 7 11 24 31 22
21 26 0 14 7 14 24 26 7 14 7 5 24 26 7 5 0 5 24 26 0 5 0 14 24 29 22
21 26 9 15 18 15 24 26 18 15 18 14 24 26 18 14 9 14 24 26 9 14 9 15 24 31 22
21 26 0 11 10 11 24 26 10 11 10 4 24 26 10 4 0 4 24 26 0 4 0 11 24 27 22
21 26 7 19 15 19 24 26 15 19 15 12 24 26 15 12 7 12 24 26 7 12 7 19 24 30 22
21 26 9 16 13 16 24 26 13 16 13 15 24 26 13 15 9 15 24 26 9 15 9 16 24 30 22
21 26 3 16 7 16 24 26 7 16 7 10 24 26 7 10 3 10 24 26 3 10 3 16 24 28 22
21 26 8 12 8 12 24 26 8 12 8 11 24 26 8 11 8 11 24 26 8 11 8 12 24 29 22
21 26 8 15 17 15 24 26 17 15 17 9 24 26 17 9 8 9 24 26 8 9 8 15 24 30 22
21 26 6 12 7 12 24 26 7 12 7 10 24 26 7 10 6 10 24 26 6 10 6 12 24 30 22
21 26 1 13 11 13 24 26 11 13 11 5 24 26 11 5 1 5 24 26 1 5 1 13 24 28 22
21 26 9 17 12 17 24 26 12 17 12 8 24 26 12 8 9 8 24 26 9 8 9 17 24 31 22
21 26 8 15 12 15 24 26 12 15 12 12 24 26 12 12 8 12 24 26 8 12 8 15 24 30 22
21 26 6 15 7 15 24 26 7 15 7 13 24 26 7 13 6 13 24 26 6 13 6 15 24 27 22
21 26 0 17 5 17 24 26 5 17 5 10 24 26 5 10 0 10 24 26 0 10 0 17 24 29 22
21 26 6 18 15 18 24 26 15 18 15 15 24 26 15 15 6 15 24 26 6 15 6 18 24 29 22
21 26 1 10 4 10 24 26 4 10 4 9 24 26 4 9 1 9 24 26 1 9 1 10 24 31 22
21 26 0 19 6 19 24 26 6 19 6 19 24 26 6 19 0 19 24 26 0 19 0 19 24 30 22
21 26 0 14 4 14 24 26 4 14 4 6 24 26 4 6 0 6 24 26 0 6 0 14 24 29 22
21 26 6 19 12 19 24 26 12 19 12 14 24 26 12 14 6 14 24 26 6 14 6 19 24 29 22
21 26 3 13 7 13 24 26 7 13 7 8 24 26 7 8 3 8 24 26 3 8 3 13 24 30 22
21 26 5 13 11 13 24 26 11 13 11 12 24 26 11 12 5 12 24 26 5 12 5 13 24 28 22
21 26 1 15 4 15 24 26 4 15 4 13 24 26 4 13 1 13 24 26 1 13 1 15 24 28 22
21 26 0 18 0 18 24 26 0 18 0 10 24 26 0 10 0 10 24 26 0 10 0 18 24 31 22
21 26 5 16 6 16 24 26 6 16 6 12 24 26 6 12 5 12 24 26 5 12 5 16 24 29 22
21 26 8 13 12 13 24 26 12 13 12 4 24 26 12 4 8 4 24 26 8 4 8 13 24 29 22
21 26 7 18 10 18 24 26 10 18 10 10 24 26 10 10 7 10 24 26 7 10 7 18 24 30 22
21 26 0 18 0 18 24 26 0 18 0 9 24 26 0 9 0 9 24 26 0 9 0 18 24 27 22
21 26 5 11 14 11 24 26 14 11 14 2 24 26 14 2 5 2 24 26 5 2 5 11 24 30 22
21 26 5 13 8 13 24 26 8 13 8 12 24 26 8 12 5 12 24 26 5 12 5 13 24 30 22
21 26 0 10 5 10 24 26 5 10 5 7 24 26 5 7 0 7 24 26 0 7 0 10 24 29 22
21 26 2 14 6 14 24 26 6 14 6 8 24 26 6 8 2 8 24 26 2 8 2 14 24 28 22
21 26 2 11 8 11 24 26 8 11 8 2 24 26 8 2 2 2 24 26 2 2 2 11 24 28 22
21 26 5 17 9 17 24 26 9 17 9 11 24 26 9 11 5 11 24 26 5 11 5 17 24 28 22
21 26 7 16 9 16 24 26 9 16 9 6 24 26 9 6 7 6 24 26 7 6 7 16 24 31 22
21 26 5 16 6 16 24 26 6 16 6 15 24 26 6 15 5 15 24 26 5 15 5 16 24 31 22
21 26 1 17 2 17 24 26 2 17 2 12 24 26 2 12 1 12 24 26 1 12 1 17 24 29 22
21 26 5 10 12 10 24 26 12 10 12 6 24 26 12 6 5 6 24 26 5 6 5 10 24 31 22
21 26 9 12 19 12 24 26 19 12 19 11 24 26 19 11 9 11 24 26 9 11 9 12 24 28 22
21 26 1 19 3 19 24 26 3 19 3 13 24 26 3 13 1 13 24 26 1 13 1 19 24 31 22
21 26 5 14 10 14 24 26 10 14 10 13 24 26 10 13 5 13 24 26 5 13 5 14 24 28 22
21 26 0 11 1 11 24 26 1 11 1 2 24 26 1 2 0 2 24 26 0 2 0 11 24 27 22
21 26 4 17 7 17 24 26 7 17 7 14 24 26 7 14 4 14 24 26 4 14 4 17 24 29 22
21 26 3 15 3 15 24 26 3 15 3 9 24 26 3 9 3 9 24 26 3 9 3 15 24 30 22
21 26 1 13 10 13 24 26 10 13 10 6 24 26 10 6 1 6 24 26 1 6 1 13 24 27 22
21 26 8 19 9 19 24 26 9 19 9 16 24 26 9 16 8 16 24 26 8 16 8 19 24 29 22
21 26 5 14 9 14 24 26 9 14 9 11 24 26 9 11 5 11 24 26 5 11 5 14 24 30 22
21 26 7 18 13 18 24 26 13 18 13 13 24 26 13 13 7 13 24 26 7 13 7 18 24 31 22
21 26 5 13 8 13 24 26 8 13 8 10 24 26 8 10 5 10 24 26 5 10 5 13 24 29 22
21 26 1 10 2 10 24 26 2 10 2 1 24 26 2 1 1 1 24 26 1 1 1 10 24 31 22
21 26 7 13 13 13 24 26 13 13 13 12 24 26 13 12 7 12 24 26 7 12 7 13 24 31 22
21 26 3 13 10 13 24 26 10 13 10 12 24 26 10 12 3 12 24 26 3 12 3 13 24 27 22
21 26 4 15 10 15 24 26 10 15 10 13 24 26 10 13 4 13 24 26 4 13 4 15 24 27 22
21 26 7 19 7 19 24 26 7 19 7 18 24 26 7 18 7 18 24 26 7 18 7 19 24 28 22
21 26 5 19 6 19 24 26 6 19 6 10 24 26 6 10 5 10 24 26 5 10 5 19 24 30 22
21 26 6 15 12 15 24 26 12 15 12 9 24 26 12 9 6 9 24 26 6 9 6 15 24 29 22
21 26 4 18 13 18 24 26 13 18 13 15 24 26 13 15 4 15 24 26 4 15 4 18 24 28 22
21 26 5 10 13 10 24 26 13 10 13 8 24 26 13 8 5 8 24 26 5 8 5 10 24 28 22
21 26 3 14 7 14 24 26 7 14 7 6 24 26 7 6 3 6 24 26 3 6 3 14 24 29 22
21 26 4 12 6 12 24 26 6 12 6 12 24 26 6 12 4 12 24 26 4 12 4 12 24 28 22
21 26 5 12 14 12 24 26 14 12 14 4 24 26 14 4 5 4 24 26 5 4 5 12 24 30 22
21 26 2 19 4 19 24 26 4 19 4 11 24 26 4 11 2 11 24 26 2 11 2 19 24 27 22
21 26 9 11 19 11 24 26 19 11 19 7 24 26 19 7 9 7 24 26 9 7 9 11 24 29 22
21 26 2 17 2 17 24 26 2 17 2 14 24 26 2 14 2 14 24 26 2 14 2 17 24 30 22
21 26 5 11 7 11 24 26 7 11 7 3 24 26 7 3 5 3 24 26 5 3 5 11 24 30 22
21 26 4 15 8 15 24 26 8 15 8 8 24 26 8 8 4 8 24 26 4 8 4 15 24 28 22
21 26 3 14 5 14 24 26 5 14 5 10 24 26 5 10 3 10 24 26 3 10 3 14 24 31 22
21 26 0 12 9 12 24 26 9 12 9 4 24 26 9 4 0 4 24 26 0 4 0 12 24 31 22
21 26 7 18 9 18 24 26 9 18 9 9 24 26 9 9 7 9 24 26 7 9 7 18 24 31 22
21 26 0 17 2 17 24 26 2 17 2 8 24 26 2 8 0 8 24 26 0 8 0 17 24 29 22
21 26 1 12 4 12 24 26 4 12 4 5 24 26 4 5 1 5 24 26 1 5 1 12 24 27 22
21 26 7 14 10 14 24 26 10 14 10 11 24 26 10 11 7 11 24 26 7 11 7 14 24 27 22
21 26 4 15 8 15 24 26 8 15 8 8 24 26 8 8 4 8 24 26 4 8 4 15 24 31 22
21 26 7 11 12 11 24 26 12 11 12 1 24 26 12 1 7 1 24 26 7 1 7 11 24 31 22
21 26 2 19 10 19 24 26 10 19 10 16 24 26 10 16 2 16 24 26 2 16 2 19 24 27 22
21 26 3 12 7 12 24 26 7 12 7 3 24 26 7 3 3 3 24 26 3 3 3 12 24 28 22
21 26 4 16 8 16 24 26 8 16 8 14 24 26 8 14 4 14 24 26 4 14 4 16 24 31 22
21 26 7 19 8 19 24 26 8 19 8 17 24 26 8 17 7 17 24 26 7 17 7 19 24 30 22
21 26 9 12 9 12 24 26 9 12 9 5 24 26 9 5 9 5 24 26 9 5 9 12 24 27 22
21 26 3 15 7 15 24 26 7 15 7 9 24 26 7 9 3 9 24 26 3 9 3 15 24 27 22
21 26 3 13 4 13 24 26 4 13 4 13 24 26 4 13 3 13 24 26 3 13 3 13 24 28 22
21 26 7 17 16 17 24 26 16 17 16 12 24 26 16 12 7 12 24 26 7 12 7 17 24 29 22
21 26 6 12 6 12 24 26 6 12 6 7 24 26 6 7 6 7 24 26 6 7 6 12 24 28 22
21 26 6 12 10 12 24 26 10 12 10 5 24 26 10 5 6 5 24 26 6 5 6 12 24 30 22
21 26 3 11 6 11 24 26 6 11 6 9 24 26 6 9 3 9 24 26 3 9 3 11 24 30 22
21 26 1 16 5 16 24 26 5 16 5 16 24 26 5 16 1 16 24 26 1 16 1 16 24 31 22
21 26 4 16 9 16 24 26 9 16 9 11 24 26 9 11 4 11 24 26 4 11 4 16 24 27 22
21 26 2 10 4 10 24 26 4 10 4 10 24 26 4 10 2 10 24 26 2 10 2 10 24 30 22
21 26 8 13 10 13 24 26 10 13 10 5 24 26 10 5 8 5 24 26 8 5 8 13 24 31 22
21 26 6 13 13 13 24 26 13 13 13 10 24 26 13 10 6 10 24 26 6 10 6 13 24 27 22
21 26 4 14 10 14 24 26 10 14 10 12 24 26 10 12 4 12 24 26 4 12 4 14 24 28 22
21 26 8 18 12 18 24 26 12 18 12 9 24 26 12 9 8 9 24 26 8 9 8 18 24 29 22
21 26 6 18 9 18 24 26 9 18 9 17 24 26 9 17 6 17 24 26 6 17 6 18 24 30 22
21 26 0 17 2 17 24 26 2 17 2 16 24 26 2 16 0 16 24 26 0 16 0 17 24 30 22
21 26 5 12 11 12 24 26 11 12 11 5 24 26 11 5 5 5 24 26 5 5 5 12 24 30 22
21 26 1 10 11 10 24 26 11 10 11 2 24 26 11 2 1 2 24 26 1 2 1 10 24 28 22
21 26 7 16 10 16 24 26 10 16 10 10 24 26 10 10 7 10 24 26 7 10 7 16 24 31 22
21 26 1 18 4 18 24 26 4 18 4 15 24 26 4 15 1 15 24 26 1 15 1 18 24 28 22
21 26 3 14 10 14 24 26 10 14 10 14 24 26 10 14 3 14 24 26 3 14 3 14 24 27 22
21 26 7 16 12 16 24 26 12 16 12 10 24 26 12 10 7 10 24 26 7 10 7 16 24 28 22
21 26 1 15 8 15 24 26 8 15 8 9 24 26 8 9 1 9 24 26 1 9 1 15 24 29 22
21 26 9 8 16 19 24 26 16 19 9 9 24 26 9 9 9 8 24 28 22 32 32 32 32 32 32
21 26 2 8 7 14 24 26 7 14 6 11 24 26 6 11 2 8 24 27 22 32 32 32 32 32 32
21 26 11 1 9 15 24 26 9 15 18 5 24 26 18 5 11 1 24 30 22 32 32 32 32 32 32
21 26 15 0 15 19 24 26 15 19 10 9 24 26 10 9 15 0 24 30 22 32 32 32 32 32 32
21 26 13 13 8 13 24 26 8 13 15 7 24 26 15 7 13 13 24 29 22 32 32 32 32 32 32
21 26 9 16 11 6 24 26 11 6 16 8 24 26 16 8 9 16 24 28 22 32 32 32 32 32 32
21 26 2 6 16 2 24 26 16 2 19 9 24 26 19 9 2 6 24 30 22 32 32 32 32 32 32
21 26 5 6 10 5 24 26 10 5 15 10 24 26 15 10 5 6 24 29 22 32 32 32 32 32 32
21 26 3 17 14 0 24 26 14 0 3 18 24 26 3 18 3 17 24 28 22 32 32 32 32 32 32
21 26 18 7 9 3 24 26 9 3 17 15 24 26 17 15 18 7 24 30 22 32 32 32 32 32 32
21 26 1 12 12 8 24 26 12 8 9 2 24 26 9 2 1 12 24 30 22 32 32 32 32 32 32
21 26 8 8 11 10 24 26 11 10 6 9 24 26 6 9 8 8 24 30 22 32 32 32 32 32 32
21 26 9 8 3 12 24 26 3 12 11 19 24 26 11 19 9 8 24 30 22 32 32 32 32 32 32
21 26 13 10 1 6 24 26 1 6 9 14 24 26 9 14 13 10 24 27 22 32 32 32 32 32 32
21 26 4 4 18 14 24 26 18 14 9 9 24 26 9 9 4 4 24 27 22 32 32 32 32 32 32
21 26 7 18 2 12 24 26 2 12 9 18 24 26 9 18 7 18 24 27 22 32 32 32 32 32 32
21 26 15 4 12 17 24 26 12 17 8 7 24 26 8 7 15 4 24 30 22 32 32 32 32 32 32
21 26 7 5 3 4 24 26 3 4 17 8 24 26 17 8 7 5 24 31 22 32 32 32 32 32 32
21 26 8 5 14 1 24 26 14 1 2 6 24 26 2 6 8 5 24 29 22 32 32 32 32 32 32
21 26 13 4 15 3 24 26 15 3 17 8 24 26 17 8 13 4 24 28 22 32 32 32 32 32 32
21 26 15 6 18 3 24 26 18 3 6 15 24 26 6 15 15 6 24 31 22 32 32 32 32 32 32
21 26 19 2 10 11 24 26 10 11 9 10 24 26 9 10 19 2 24 29 22 32 32 32 32 32 32
21 26 4 19 5 1 24 26 5 1 11 4 24 26 11 4 4 19 24 28 22 32 32 32 32 32 32
21 26 9 8 12 5 24 26 12 5 16 4 24 26 16 4 9 8 24 29 22 32 32 32 32 32 32
21 26 11 16 14 1 24 26 14 1 6 19 24 26 6 19 11 16 24 28 22 32 32 32 32 32 32
21 26 16 2 14 12 24 26 14 12 17 8 24 26 17 8 16 2 24 28 22 32 32 32 32 32 32
21 26 2 3 3 14 24 26 3 14 17 12 24 26 17 12 2 3 24 27 22 32 32 32 32 32 32
21 26 17 5 18 4 24 26 18 4 11 7 24 26 11 7 17 5 24 29 22 32 32 32 32 32 32
21 26 18 4 2 12 24 26 2 12 14 6 24 26 14 6 18 4 24 31 22 32 32 32 32 32 32
21 26 0 16 17 5 24 26 17 5 12 6 24 26 12 6 0 16 24 31 22 32 32 32 32 32 32
21 26 1 4 16 14 24 26 16 14 9 8 24 26 9 8 1 4 24 27 22 32 32 32 32 32 32
21 26 1 12 13 0 24 26 13 0 2 18 24 26 2 18 1 12 24 31 22 32 32 32 32 32 32
21 26 5 9 3 15 24 26 3 15 16 18 24 26 16 18 5 9 24 31 22 32 32 32 32 32 32
21 26 3 11 14 13 24 26 14 13 8 7 24 26 8 7 3 11 24 28 22 32 32 32 32 32 32
21 26 9 17 15 15 24 26 15 15 13 13 24 26 13 13 9 17 24 28 22 32 32 32 32 32 32
21 26 11 14 19 14 24 26 19 14 1 19 24 26 1 19 11 14 24 30 22 32 32 32 32 32 32
21 26 1 15 12 3 24 26 12 3 12 4 24 26 12 4 1 15 24 31 22 32 32 32 32 32 32
21 26 9 16 11 9 24 26 11 9 7 2 24 26 7 2 9 16 24 31 22 32 32 32 32 32 32
21 26 4 9 1 18 24 26 1 18 16 13 24 26 16 13 4 9 24 30 22 32 32 32 32 32 32
21 26 18 15 12 0 24 26 12 0 17 11 24 26 17 11 18 15 24 29 22 32 32 32 32 32 32
21 26 17 17 1 5 24 26 1 5 19 11 24 26 19 11 17 17 24 27 22 32 32 32 32 32 32
21 26 13 7 10 11 24 26 10 11 10 10 24 26 10 10 13 7 24 31 22 32 32 32 32 32 32
21 26 2 3 16 8 24 26 16 8 3 15 24 26 3 15 2 3 24 27 22 32 32 32 32 32 32
21 26 3 18 18 8 24 26 18 8 17 16 24 26 17 16 3 18 24 31 22 32 32 32 32 32 32
21 26 5 18 17 19 24 26 17 19 18 15 24 26 18 15 5 18 24 31 22 32 32 32 32 32 32
21 26 10 5 13 12 24 26 13 12 14 7 24 26 14 7 10 5 24 28 22 32 32 32 32 32 32
21 26 1 5 13 9 24 26 13 9 1 11 24 26 1 11 1 5 24 29 22 32 32 32 32 32 32
21 26 16 5 7 15 24 26 7 15 18 0 24 26 18 0 16 5 24 30 22 32 32 32 32 32 32
21 26 10 9 12 18 24 26 12 18 4 12 24 26 4 12 10 9 24 31 22 32 32 32 32 32 32
21 26 6 7 14 4 24 26 14 4 9 15 24 26 9 15 6 7 24 31 22 32 32 32 32 32 32
21 26 15 2 14 0 24 26 14 0 6 15 24 26 6 15 15 2 24 29 22 32 32 32 32 32 32
21 26 0 16 15 12 24 26 15 12 9 7 24 26 9 7 0 16 24 31 22 32 32 32 32 32 32
21 26 17 14 16 19 24 26 16 19 19 13 24 26 19 13 17 14 24 27 22 32 32 32 32 32 32
21 26 16 17 17 17 24 26 17 17 14 0 24 26 14 0 16 17 24 29 22 32 32 32 32 32 32
21 26 18 3 8 16 24 26 8 16 5 7 24 26 5 7 18 3 24 28 22 32 32 32 32 32 32
21 26 13 12 17 14 24 26 17 14 11 8 24 26 11 8 13 12 24 30 22 32 32 32 32 32 32
21 26 14 13 15 18 24 26 15 18 12 0 24 26 12 0 14 13 24 31 22 32 32 32 32 32 32
21 26 9 15 3 5 24 26 3 5 14 8 24 26 14 8 9 15 24 29 22 32 32 32 32 32 32
21 26 2 8 8 4 24 26 8 4 7 8 24 26 7 8 2 8 24 27 22 32 32 32 32 32 32
21 26 18 8 7 9 24 26 7 9 10 13 24 26 10 13 18 8 24 31 22 32 32 32 32 32 32
21 26 12 14 8 17 24 26 8 17 12 4 24 26 12 4 12 14 24 30 22 32 32 32 32 32 32
21 26 10 12 8 11 24 26 8 11 9 16 24 26 9 16 10 12 24 31 22 32 32 32 32 32 32
21 26 4 7 15 16 24 26 15 16 8 13 24 26 8 13 4 7 24 31 22 32 32 32 32 32 32
21 26 15 5 12 14 24 26 12 14 14 17 24 26 14 17 15 5 24 30 22 32 32 32 32 32 32
21 26 14 4 8 16 24 26 8 16 4 16 24 26 4 16 14 4 24 29 22 32 32 32 32 32 32
21 26 18 17 15 17 24 26 15 17 1 3 24 26 1 3 18 17 24 27 22 32 32 32 32 32 32
21 26 9 0 6 7 24 26 6 7 13 1 24 26 13 1 9 0 24 29 22 32 32 32 32 32 32
21 26 1 19 14 13 24 26 14 13 1 3 24 26 1 3 1 19 24 30 22 32 32 32 32 32 32
21 26 1 16 18 3 24 26 18 3 12 15 24 26 12 15 1 16 24 27 22 32 32 32 32 32 32
21 26 5 6 12 15 24 26 12 15 11 17 24 26 11 17 5 6 24 31 22 32 32 32 32 32 32
21 26 15 9 3 2 24 26 3 2 2 4 24 26 2 4 15 9 24 30 22 32 32 32 32 32 32
21 26 18 7 12 15 24 26 12 15 7 1 24 26 7 1 18 7 24 27 22 32 32 32 32 32 32
21 26 19 14 17 4 24 26 17 4 2 3 24 26 2 3 19 14 24 30 22 32 32 32 32 32 32
21 26 13 13 19 2 24 26 19 2 17 11 24 26 17 11 13 13 24 29 22 32 32 32 32 32 32
21 26 19 11 16 18 24 26 16 18 3 6 24 26 3 6 19 11 24 29 22 32 32 32 32 32 32
21 26 19 15 18 7 24 26 18 7 14 15 24 26 14 15 19 15 24 30 22 32 32 32 32 32 32
21 26 4 9 13 7 24 26 13 7 18 2 24 26 18 2 4 9 24 31 22 32 32 32 32 32 32
21 26 16 1 13 13 24 26 13 13 4 6 24 26 4 6 16 1 24 30 22 32 32 32 32 32 32
21 26 19 5 0 8 24 26 0 8 12 4 24 26 12 4 19 5 24 31 22 32 32 32 32 32 32
21 26 3 9 3 14 24 26 3 14 11 11 24 26 11 11 3 9 24 29 22 32 32 32 32 32 32
21 26 2 3 18 16 24 26 18 16 18 8 24 26 18 8 2 3 24 31 22 32 32 32 32 32 32
21 26 1 15 12 2 24 26 12 2 11 2 24 26 11 2 1 15 24 28 22 32 32 32 32 32 32
21 26 11 5 16 7 24 26 16 7 14 19 24 26 14 19 11 5 24 27 22 32 32 32 32 32 32
21 26 16 10 18 1 24 26 18 1 2 11 24 26 2 11 16 10 24 27 22 32 32 32 32 32 32
21 26 9 5 14 12 24 26 14 12 14 8 24 26 14 8 9 5 24 29 22 32 32 32 32 32 32
21 26 1 14 11 5 24 26 11 5 19 17 24 26 19 17 1 14 24 29 22 32 32 32 32 32 32
21 26 8 4 12 1 24 26 12 1 0 10 24 26 0 10 8 4 24 30 22 32 32 32 32 32 32
21 26 4 1 17 0 24 26 17 0 18 2 24 26 18 2 4 1 24 29 22 32 32 32 32 32 32
21 26 19 14 6 12 24 26 6 12 14 2 24 26 14 2 19 14 24 29 22 32 32 32 32 32 32
21 26 19 8 14 17 24 26 14 17 7 18 24 26 7 18 19 8 24 29 22 32 32 32 32 32 32
21 26 9 0 12 7 24 26 12 7 5 11 24 26 5 11 9 0 24 30 22 32 32 32 32 32 32
21 26 14 16 6 18 24 26 6 18 1 8 24 26 1 8 14 16 24 27 22 32 32 32 32 32 32
21 26 5 2 17 5 24 26 17 5 8 5 24 26 8 5 5 2 24 28 22 32 32 32 32 32 32
21 26 8 10 11 12 24 26 11 12 10 11 24 26 10 11 8 10 24 31 22 32 32 32 32 32 32
21 26 5 9 5 9 24 26 5 9 18 7 24 26 18 7 5 9 24 27 22 32 32 32 32 32 32
21 26 8 11 2 19 24 26 2 19 8 15 24 26 8 15 8 11 24 31 22 32 32 32 32 32 32
21 26 15 4 8 3 24 26 8 3 17 10 24 26 17 10 15 4 24 31 22 32 32 32 32 32 32
21 26 15 4 7 10 24 26 7 10 0 19 24 26 0 19 15 4 24 29 22 32 32 32 32 32 32
21 26 0 7 2 18 24 26 2 18 6 19 24 26 6 19 0 7 24 28 22 32 32 32 32 32 32
21 26 2 0 6 13 24 26 6 13 0 5 24 26 0 5 2 0 24 27 22 32 32 32 32 32 32
21 26 14 6 16 10 24 26 16 10 11 18 24 26 11 18 14 6 24 27 22 32 32 32 32 32 32
21 26 7 19 14 2 24 26 14 2 13 11 24 26 13 11 7 19 24 30 22 32 32 32 32 32 32
21 26 5 15 16 8 24 26 16 8 8 9 24 26 8 9 5 15 24 30 22 32 32 32 32 32 32
21 26 14 3 10 0 24 26 10 0 17 5 24 26 17 5 14 3 24 31 22 32 32 32 32 32 32
21 26 11 13 15 1 24 26 15 1 5 14 24 26 5 14 11 13 24 27 22 32 32 32 32 32 32
21 26 2 17 8 19 24 26 8 19 6 13 24 26 6 13 2 17 24 30 22 32 32 32 32 32 32
21 26 6 12 8 11 24 26 8 11 12 7 24 26 12 7 6 12 24 29 22 32 32 32 32 32 32
21 26 17 11 16 14 24 26 16 14 12 13 24 26 12 13 17 11 24 29 22 32 32 32 32 32 32
21 26 7 8 18 17 24 26 18 17 7 5 24 26 7 5 7 8 24 28 22 32 32 32 32 32 32
21 26 16 15 5 19 24 26 5 19 14 11 24 26 14 11 16 15 24 31 22 32 32 32 32 32 32
21 26 4 7 11 13 24 26 11 13 19 3 24 26 19 3 4 7 24 27 22 32 32 32 32 32 32
21 26 0 16 6 14 24 26 6 14 9 1 24 26 9 1 0 16 24 30 22 32 32 32 32 32 32
21 26 18 10 19 19 24 26 19 19 14 2 24 26 14 2 18 10 24 31 22 32 32 32 32 32 32
21 26 11 14 10 4 24 26 10 4 15 14 24 26 15 14 11 14 24 28 22 32 32 32 32 32 32
21 26 12 14 4 12 24 26 4 12 19 8 24 26 19 8 12 14 24 30 22 32 32 32 32 32 32
21 26 11 11 10 12 24 26 10 12 6 0 24 26 6 0 11 11 24 27 22 32 32 32 32 32 32
21 26 18 9 17 15 24 26 17 15 15 1 24 26 15 1 18 9 24 30 22 32 32 32 32 32 32
21 26 13 11 15 1 24 26 15 1 13 7 24 26 13 7 13 11 24 29 22 32 32 32 32 32 32
21 26 4 7 6 6 24 26 6 6 13 15 24 26 13 15 4 7 24 28 22 32 32 32 32 32 32
21 26 7 12 18 12 24 26 18 12 11 11 24 26 11 11 7 12 24 31 22 32 32 32 32 32 32
21 26 15 0 10 2 24 26 10 2 16 9 24 26 16 9 15 0 24 29 22 32 32 32 32 32 32
21 26 0 11 18 18 24 26 18 18 18 14 24 26 18 14 0 11 24 31 22 32 32 32 32 32 32
21 26 14 8 15 8 24 26 15 8 6 15 24 26 6 15 14 8 24 29 22 32 32 32 32 32 32
21 26 13 18 13 3 24 26 13 3 14 8 24 26 14 8 13 18 24 27 22 32 32 32 32 32 32
21 26 0 16 11 2 24 26 11 2 5 13 24 26 5 13 0 16 24 30 22 32 32 32 32 32 32
21 26 1 13 3 1 24 26 3 1 1 10 24 26 1 10 1 13 24 31 22 32 32 32 32 32 32
21 26 17 3 8 2 24 26 8 2 6 17 24 26 6 17 17 3 24 27 22 32 32 32 32 32 32
21 26 7 3 5 2 24 26 5 2 11 12 24 26 11 12 7 3 24 31 22 32 32 32 32 32 32
21 26 18 6 0 12 24 26 0 12 18 16 24 26 18 16 18 6 24 29 22 32 32 32 32 32 32
21 26 12 10 2 7 24 26 2 7 18 18 24 26 18 18 12 10 24 28 22 32 32 32 32 32 32
21 26 10 13 7 19 24 26 7 19 6 0 24 26 6 0 10 13 24 27 22 32 32 32 32 32 32
21 26 15 19 19 3 24 26 19 3 19 3 24 26 19 3 15 19 24 27 22 32 32 32 32 32 32
21 26 15 4 9 16 24 26 9 16 15 17 24 26 15 17 15 4 24 29 22 32 32 32 32 32 32
21 26 16 19 11 6 24 26 11 6 18 0 24 26 18 0 16 19 24 27 22 32 32 32 32 32 32
21 26 11 5 8 6 24 26 8 6 5 15 24 26 5 15 11 5 24 29 22 32 32 32 32 32 32
21 26 14 5 18 0 24 26 18 0 12 4 24 26 12 4 14 5 24 31 22 32 32 32 32 32 32
21 26 7 12 13 3 24 26 13 3 7 13 24 26 7 13 7 12 24 28 22 32 32 32 32 32 32
21 26 19 15 19 3 24 26 19 3 7 12 24 26 7 12 19 15 24 31 22 32 32 32 32 32 32
21 26 2 6 0 6 24 26 0 6 19 10 24 26 19 10 2 6 24 31 22 32 32 32 32 32 32
21 26 0 17 6 12 24 26 6 12 7 5 24 26 7 5 0 17 24 28 22 32 32 32 32 32 32
21 26 3 0 12 17 24 26 12 17 10 16 24 26 10 16 3 0 24 31 22 32 32 32 32 32 32
21 26 3 9 10 3 24 26 10 3 9 0 24 26 9 0 3 9 24 30 22 32 32 32 32 32 32
21 26 8 16 16 16 24 26 16 16 19 1 24 26 19 1 8 16 24 31 22 32 32 32 32 32 32
21 26 9 0 6 10 24 26 6 10 9 9 24 26 9 9 9 0 24 30 22 32 32 32 32 32 32
21 26 17 10 19 9 24 26 19 9 2 0 24 26 2 0 17 10 24 27 22 32 32 32 32 32 32
21 26 15 9 7 5 24 26 7 5 6 14 24 26 6 14 15 9 24 28 22 32 32 32 32 32 32
21 26 11 18 10 13 24 26 10 13 3 10 24 26 3 10 11 18 24 29 22 32 32 32 32 32 32
21 26 6 12 6 16 24 26 6 16 14 15 24 26 14 15 6 12 24 28 22 32 32 32 32 32 32
21 26 6 3 2 16 24 26 2 16 8 4 24 26 8 4 6 3 24 31 22 32 32 32 32 32 32
21 26 11 19 13 4 24 26 13 4 16 9 24 26 16 9 11 19 24 29 22 32 32 32 32 32 32
21 26 0 0 18 1 24 26 18 1 17 2 24 26 17 2 0 0 24 29 22 32 32 32 32 32 32
21 26 2 3 10 9 24 26 10 9 1 8 24 26 1 8 2 3 24 27 22 32 32 32 32 32 32
21 26 3 16 18 10 24 26 18 10 11 10 24 26 11 10 3 16 24 31 22 32 32 32 32 32 32
21 26 9 8 12 1 24 26 12 1 17 1 24 26 17 1 9 8 24 31 22 32 32 32 32 32 32
21 26 7 10 1 0 24 26 1 0 7 3 24 26 7 3 7 10 24 29 22 32 32 32 32 32 32
21 26 14 9 1 11 24 26 1 11 13 19 24 26 13 19 14 9 24 30 22 32 32 32 32 32 32
21 26 7 15 3 3 24 26 3 3 6 3 24 26 6 3 7 15 24 28 22 32 32 32 32 32 32
21 26 16 13 4 13 24 26 4 13 4 13 24 26 4 13 16 13 24 28 22 32 32 32 32 32 32
21 26 5 16 13 10 24 26 13 10 19 16 24 26 19 16 5 16 24 30 22 32 32 32 32 32 32
21 26 0 16 19 9 24 26 19 9 12 14 24 26 12 14 0 16 24 29 22 32 32 32 32 32 32
21 26 15 15 1 17 24 26 1 17 19 15 24 26 19 15 15 15 24 30 22 32 32 32 32 32 32
21 26 0 1 17 15 24 26 17 15 5 6 24 26 5 6 0 1 24 27 22 32 32 32 32 32 32
21 26 10 3 3 16 24 26 3 16 15 18 24 26 15 18 10 3 24 28 22 32 32 32 32 32 32
21 26 8 1 3 0 24 26 3 0 0 13 24 26 0 13 8 1 24 27 22 32 32 32 32 32 32
21 26 8 16 14 13 24 26 14 13 3 7 24 26 3 7 8 16 24 29 22 32 32 32 32 32 32
21 26 0 11 13 19 24 26 13 19 15 0 24 26 15 0 0 11 24 29 22 32 32 32 32 32 32
21 26 18 10 10 14 24 26 10 14 12 17 24 26 12 17 18 10 24 30 22 32 32 32 32 32 32
21 26 14 15 3 17 24 26 3 17 8 9 24 26 8 9 14 15 24 28 22 32 32 32 32 32 32
21 26 14 4 18 19 24 26 18 19 3 6 24 26 3 6 14 4 24 30 22 32 32 32 32 32 32
21 26 8 3 10 4 24 26 10 4 19 17 24 26 19 17 8 3 24 29 22 32 32 32 32 32 32
21 26 16 3 13 4 24 26 13 4 8 6 24 26 8 6 16 3 24 27 22 32 32 32 32 32 32
21 26 10 11 15 19 24 26 15 19 5 19 24 26 5 19 10 11 24 28 22 32 32 32 32 32 32
21 26 11 9 15 12 24 26 15 12 4 6 24 26 4 6 11 9 24 31 22 32 32 32 32 32 32
21 26 19 10 9 19 24 26 9 19 7 12 24 26 7 12 19 10 24 30 22 32 32 32 32 32 32
21 26 6 18 12 14 24 26 12 14 3 3 24 26 3 3 6 18 24 28 22 32 32 32 32 32 32
21 26 13 12 10 3 24 26 10 3 3 17 24 26 3 17 13 12 24 31 22 32 32 32 32 32 32
21 26 11 6 14 4 24 26 14 4 12 8 24 26 12 8 11 6 24 29 22 32 32 32 32 32 32
21 26 10 19 8 11 24 26 8 11 4 5 24 26 4 5 10 19 24 28 22 32 32 32 32 32 32
21 26 6 10 3 18 24 26 3 18 0 2 24 26 0 2 6 10 24 28 22 32 32 32 32 32 32
21 26 9 1 4 8 24 26 4 8 7 7 24 26 7 7 9 1 24 30 22 32 32 32 32 32 32
21 26 9 18 10 17 24 26 10 17 5 16 24 26 5 16 9 18 24 31 22 32 32 32 32 32 32
21 26 18 4 4 3 24 26 4 3 18 17 24 26 18 17 18 4 24 30 22 32 32 32 32 32 32
21 26 2 6 8 4 24 26 8 4 6 15 24 26 6 15 2 6 24 28 22 32 32 32 32 32 32
21 26 16 4 1 16 24 26 1 16 0 10 24 26 0 10 16 4 24 30 22 32 32 32 32 32 32
21 26 2 16 11 12 24 26 11 12 16 2 24 26 16 2 2 16 24 28 22 32 32 32 32 32 32
21 26 9 6 7 1 24 26 7 1 4 3 24 26 4 3 9 6 24 27 22 32 32 32 32 32 32
21 26 1 14 1 8 24 26 1 8 9 11 24 26 9 11 1 14 24 28 22 32 32 32 32 32 32
21 26 0 9 19 6 24 26 19 6 6 19 24 26 6 19 0 9 24 27 22 32 32 32 32 32 32
21 26 5 12 11 9 24 26 11 9 6 12 24 26 6 12 5 12 24 31 22 32 32 32 32 32 32
21 26 8 1 7 13 24 26 7 13 9 2 24 26 9 2 8 1 24 31 22 32 32 32 32 32 32
21 26 7 14 17 19 24 26 17 19 13 1 24 26 13 1 7 14 24 29 22 32 32 32 32 32 32
21 26 16 4 11 19 24 26 11 19 11 15 24 26 11 15 16 4 24 27 22 32 32 32 32 32 32
21 26 16 2 17 6 24 26 17 6 12 18 24 26 12 18 16 2 24 31 22 32 32 32 32 32 32
21 26 1 8 2 3 24 26 2 3 3 11 24 26 3 11 1 8 24 31 22 32 32 32 32 32 32
21 26 0 10 10 1 24 26 10 1 12 4 24 26 12 4 0 10 24 29 22 32 32 32 32 32 32
21 26 12 1 7 13 24 26 7 13 15 15 24 26 15 15 12 1 24 30 22 32 32 32 32 32 32
21 26 12 11 0 16 24 26 0 16 5 14 24 26 5 14 12 11 24 29 22 32 32 32 32 32 32
21 26 15 14 11 5 24 26 11 5 17 0 24 26 17 0 15 14 24 30 22 32 32 32 32 32 32
21 26 1 8 2 1 24 26 2 1 19 19 24 26 19 19 1 8 24 30 22 32 32 32 32 32 32
21 26 4 5 5 19 24 26 5 19 0 2 24 26 0 2 4 5 24 30 22 32 32 32 32 32 32
