-4.112503453888455,1.5931833558233848,-2.1485519257162746,-6.560627636401135,-4.109232224368661,-7.086837865228307,BLACK
5.444743745463516,0.6140019587663801,1.3856702142943487,6.595903165397166,6.244100241434184,-9.304696497654245,GREEN
8.5779318108903,6.330465683466505,7.281083484601391,-4.666126358364755,7.315700396578682,5.4204138672445055,GREEN
6.305809365431125,5.827772789279374,5.509758866549932,0.4614099156334923,3.1390932645104943,-2.1888895984877887,GREEN
7.734619607630682,9.494278947999282,5.740921297307368,9.89020819121088,9.26064250671696,-6.2308936560756365,BLUE
-4.292453064599505,5.93640108372548,-5.990057790565162,-0.31911836234581337,6.358715022330182,5.4112420628595235,BLACK
7.154494733755856,6.282138273974573,9.52493137701517,1.9539827338971953,-3.229921082610712,8.019648576522956,RED
2.269910317110133,1.6356633167452355,-4.104203457144798,-1.6686379606769854,-3.8043091421928557,-4.8393794157535,BLACK
-3.074523581868667,-0.10080202186370357,6.1270681028803775,7.737965242121868,-9.429249597091914,-8.390227299909476,BLACK
5.915969690903935,-2.934004734077237,2.8869026577963037,3.119918428420956,-6.776493125869222,-2.5338038568866335,BLUE
9.441621512269085,5.927401029264136,9.861292862946948,-6.949034026091876,-2.814676849609196,2.838670708647106,BLACK
-7.901934531401563,-3.1276457875372294,-9.009034038974493,-3.397569341996296,9.95348580116889,0.9057002503542044,BLACK
-9.401997077605204,7.924136975189482,-3.190731154927703,2.3891936858573306,-2.475470024441913,-4.587679416688601,BLUE
-6.9400376358744085,-9.061920557490648,2.9809342076594465,7.625029238816227,0.6330381396586642,6.639698440835636,BLACK
-6.598839037285531,-0.48971097279501485,0.6761878495527327,-6.419177764675325,-0.6162105538098377,-9.452168299980757,PURPLE
-1.5953197643553452,6.039428876523431,6.511957812207166,6.121407235006776,9.728015808378396,-8.812137566762747,BLACK
-0.10194654049075602,-9.412472039036809,-3.073328874018973,0.5194022883736693,-0.057070986505078025,-0.19082877248743557,PURPLE
7.386441947844128,0.3068430119081835,9.02386470949857,-0.6134117008967195,-7.90609439590911,-9.277049378931112,RED
5.203855469786141,-0.811130685726118,-2.255002074435975,-4.896318621870402,-3.1731658344943092,4.012390329608662,BLUE
1.448005767098783,8.74098320667355,0.3887296282028512,3.216832870840145,-6.573905730345409,0.8530152850893877,GREEN
-3.1398947461314286,2.449605917867691,-3.1458211796096496,6.014835938491755,4.558754239925975,5.247791791253208,BLUE
-3.3459945207668147,-6.691482505031297,-7.5345765312417186,6.627354595131299,-1.2206036048211484,-5.956593075596731,BLACK
1.9442834508402793,9.972813655293413,3.9533373809020738,-5.22477009801763,6.046541866354993,-0.7165286652729801,GREEN
-9.506898425308346,-9.82794405812545,8.826814837646564,-8.217474746508207,7.681796276786644,-7.186107680250939,GREEN
-7.017330653770548,-6.555544924622167,0.7540334279859344,-0.6336903652377686,-8.590498944363512,-1.6299702859616474,RED
-6.855397597624003,6.141469017981093,8.174700641776058,0.8614962772134565,1.7755575853319119,0.8945857379444853,BLACK
-0.2513430410372166,-1.3319121626238015,2.251304011966978,-8.64864115985607,7.6611747638912195,-8.459419406788326,BLACK
-2.415283049388167,0.49515844105788176,-8.596083566826078,-9.518984279541087,-2.1844407112959763,-6.8335355476215005,GREEN
4.92151827209292,-0.506027794591116,-8.53129904369827,1.8505414030489042,3.71032213731886,9.346179093688852,PURPLE
-2.5625856244801497,5.104850843365831,-6.496950885938883,-6.065890835321975,-3.954153013211264,-6.611305188618704,BLUE
6.7947943301520635,3.82060779449548,-5.626897715905174,3.014435496020308,-5.425467583546073,3.5185459935379804,BLUE
-4.052163371349419,6.531814207445725,3.02373405447352,0.425976198159832,9.32728899371566,6.009424437129695,PURPLE
-9.355248198484318,6.788938901483322,9.803113748605115,-0.16741768809407276,2.1556163268932043,4.905458429620481,GREEN
5.164395936350184,5.371685833898054,-8.449632554617288,7.5092859346871546,9.547244653886308,5.0046953186056164,PURPLE
-9.735997868857545,-8.066596129729888,7.038224776003821,5.877481150648533,-4.247818533521948,-3.9572068000665466,RED
0.4655741518666634,-6.1531378187821275,-6.8600809658165565,6.679278321329603,5.9121214502636175,8.476312247164406,BLUE
-1.5297707602421529,-8.632723516500672,-6.347425100427062,-9.662440860656146,-9.271860564595595,3.833836431257142,RED
-1.7100670278564554,6.6100596929565345,4.724592393055975,3.9678780908514426,-6.719346641280118,-2.947568890828279,GREEN
-9.73487549313318,1.8791393461527761,3.7633061952766944,9.465896194028899,5.671646873325512,-9.769738226309213,GREEN
8.677391152354792,0.8315293574835145,0.8259025512759361,4.791870680898311,2.7037329114643196,7.94603343738296,PURPLE
4.6865391505311305,5.227414762358752,-6.36734028161052,7.762639178326955,-1.095542439424701,-0.3204222135903727,BLUE
4.023384360122446,-5.716856007658902,8.440216064635061,9.146306775987847,-6.741977400494013,-3.7071207906335504,PURPLE
-1.6938274487648037,-6.317783773287836,0.45338188788651124,-5.589243378408788,9.19586279586966,7.127409756479862,GREEN
6.26644066228573,-6.38829914642538,3.412915370527754,-5.517037014556607,-1.6220594621363347,-3.9864765033201612,RED
0.6565413860517015,1.9712954649214343,5.0078355019082075,9.398647423590814,-4.617062102766965,9.772386050389818,BLUE
1.6015144909087269,-0.7506349916058923,5.388265451031513,2.142494022717708,-5.051862555744472,-3.8191294434591727,BLACK
9.558163594651733,0.1635599150133249,-0.45458060910625164,9.00729572445883,-2.921113807592901,2.5865004326043444,PURPLE
-3.588543753062978,8.22646625590537,2.1330708600488606,4.034205852629556,-6.791737109575083,-6.803784593509471,BLUE
3.8048335176681594,2.5994736198812234,0.41630481179402423,-6.8726695625700795,-6.195345469672022,7.574622285023073,BLACK
1.3901069766974334,-3.2925263959856723,4.536058658850434,-5.316843326435309,2.001172950859077,-1.8711954839212197,GREEN
0.44960975324196895,9.07717986450107,-1.0748744332377207,1.9169345046285908,-5.90878118355145,-4.692014075400017,BLUE
-3.616738749844399,0.34993504197236547,-6.795001627117653,8.998592838281274,-9.441956022609492,-7.886092079252853,BLUE
-0.858372100075373,-8.786861631816258,-5.222834285429051,-1.1926046228240104,-2.1090929018812954,-2.694027286346908,PURPLE
-0.4929347595773397,8.871201302178525,0.5852622553493987,7.106348126457844,-4.611342257217315,6.946211554418843,BLACK
8.987003361258681,-5.2855150895072125,-5.320328281987415,-6.621889736407486,8.584737534793794,7.62071065455399,PURPLE
-7.408654402144239,-3.9535605967483267,-1.6598827716152869,-5.545815493417286,-3.829460471375352,5.637875103608449,BLUE
6.8475397583099475,-5.8464764672354885,-8.118388542001682,6.534357402345398,-9.513688087946148,0.1738746271115197,PURPLE
-7.115803992617318,6.1446530121502985,1.4565868820114432,2.214238692296396,6.931769070602593,-7.166885707132245,BLUE
-0.7378745899814572,-3.491206466147421,-2.641153040632102,-8.593618472856964,-5.893055400481084,-6.736032947239796,RED
-8.216780149729255,4.397112358603021,-8.96596516794338,-1.5390342920670133,-0.299257923239189,1.63443385628519,BLUE
-9.78732055958068,-0.21870038448464335,9.390776046390444,-3.0129167305912175,-3.8432686674583847,9.042093224921265,RED
-4.009844410191203,2.27452818632195,1.4100059805500216,-0.20427048922902458,-3.1968753662812466,2.2454877893489513,BLACK
-1.674388473210902,-8.470789778639036,-2.5266676911751693,3.3352156314632975,-0.9097825509090001,-7.235127241426403,BLACK
-2.815495670194183,4.784165657933599,7.302543339122716,9.207732968484125,3.46496512268034,-8.32204908306186,GREEN
6.20092823862033,-5.44556037402947,1.2615185576018373,9.827167615718734,1.2306121044920921,5.698158176383556,RED
6.498496319587629,-7.768121354207782,7.801065805720436,-3.0388015680070417,2.395225338812187,8.507740458368554,BLACK
-8.733930742365368,-1.5028460145645415,-7.394835706515695,-6.093049563832762,-6.127932235669864,1.581988142900121,BLACK
-9.446589513203618,0.6189074484755448,0.12298086394334184,-8.432098135058471,2.554233966651532,-5.71661628685474,GREEN
2.6623939302730797,-8.73248631266576,-2.972586620299034,3.7153022146505403,5.650469803464519,5.165267240167957,PURPLE
2.5085377505483155,1.2023889034886999,-9.092068748517862,6.391303172888533,-4.429940931892831,4.623767767427827,GREEN
5.20444036588108,4.45902775180031,1.6083417550438988,-4.0712385410108,7.9720974935735125,-9.045033219664102,PURPLE
-8.76752002186066,-1.5580526415990423,-7.5882893662097475,-8.531038440668752,9.987055507067707,9.246679562191735,PURPLE
-5.6198365851223855,-4.841914531689172,-4.910066088689588,9.750475741671531,-9.15427346576123,-7.250288214387481,PURPLE
-8.990414595748668,8.632171620943263,-5.481581185620907,-2.556484549096207,-0.2785783534108415,-9.837836052535437,PURPLE
-7.4710547624830115,5.7561169708291136,-5.881741538473228,1.354469537997245,6.176273081678376,-2.084016531278637,BLUE
2.74192356747087,-9.437640967333753,2.1590965950449235,8.16501846203713,7.640818625973241,3.6896882210790984,BLACK
-9.168093509475296,-3.16320930292074,1.8177728607012735,-8.1930428677627,-0.805498192039444,-8.866694323874455,GREEN
-2.616917361597684,0.5748590120941834,3.4446814063040208,1.6991645970967522,1.9237980864000352,9.764210609727519,BLUE
-5.066499477552632,5.669040760814305,4.492008703235454,0.9853985698528138,6.315690819692469,8.35126939056129,GREEN
-5.529019356369366,5.643182562525711,-5.359371442999676,5.37303914509512,7.762884065464638,-4.209982706372671,BLACK
-2.1777174021548493,-4.861873965563393,-5.581243068883036,1.0205195367672388,2.4760450753480505,-3.7407252875904575,PURPLE
0.6630478359352026,-3.938386550592617,-5.063870899912952,-0.6954963745861189,3.790984433973472,0.4116131924876143,BLACK
-4.365586876104103,0.4866913939376847,-0.5094834372346604,5.044082346001298,-8.93831869690085,4.998927847341934,BLACK
0.003969886164419734,3.442167595225648,6.849102165670269,-2.6490670534830816,5.908405193799037,-4.988305423523924,GREEN
4.216183536103582,-1.1053615478795464,4.303386396939663,9.165215682923117,2.6414987997299892,0.4228057481058851,RED
-7.206067919060066,9.67284671910942,2.780561431037329,4.479649345548648,1.781668702710956,6.238853203799154,PURPLE
1.9835665850365967,7.668071810184339,9.924232001472612,-2.4586529523646234,5.239812908603101,4.722582686177171,GREEN
-4.09173520005609,-9.068095833986272,-6.168610142771554,1.1873037628793117,6.892715731140386,4.659745476651622,PURPLE
8.021844780791271,-2.4494936394908633,0.12549323713962401,3.07536829677189,9.114329658048776,3.797366586948666,BLACK
6.549993854747486,-9.477361681539886,-4.169282334626748,9.733947923171664,0.7946842095796303,4.455580227646527,RED
1.1453553507247225,3.99850830820089,-4.403161093525363,-4.766628338082846,-2.386229705901786,-8.81144899251777,PURPLE
-0.7153538232064687,2.6461371185224554,7.447115543820383,7.415357962484988,3.5392856556156875,5.27460777878875,GREEN
-5.829837751631907,-2.5691595039987334,5.874320600790245,-0.787129865068442,9.368602429474864,4.0829835175851095,RED
6.3397654079055545,-1.111672574495941,7.857757996150626,5.9653507925967695,3.2760641043594987,8.981381782293235,PURPLE
-7.805846270735815,1.4653598940994872,9.623238235115972,2.6120465590177133,-4.843688314272232,-7.595704155827541,RED
4.3659603495282315,4.207793311618094,-0.10704409418775285,-6.535091314920843,5.00092999263912,-7.301717869045417,PURPLE
-0.6474401233246088,-5.622929787243243,-9.517172933132168,7.670199184357019,-8.958845448695191,-7.20200071422611,PURPLE
-6.814678221740808,-2.811391140327407,7.742256028010283,-4.693253559387309,-1.8988795328543784,-2.5553429805480645,BLACK
7.450169910411544,3.158477588873252,8.065527814965362,1.1791702808440778,7.621736721563744,0.6810085614826615,BLACK
9.045514889206205,4.621141926955543,-6.758926699194257,0.141828088973039,-6.036558115679688,-0.6979406799304595,GREEN
-2.093575157362344,-3.258730819665888,5.240554210447947,-0.4098331049411943,3.6894994034284174,4.961722633561449,RED
2.4493629179258534,9.179761530722606,5.601458116946199,-5.408142012667473,4.522076198672297,-6.074339441656423,RED
-7.3466842357302475,9.479718433543505,4.153231612870497,5.6137021987775295,-2.7387817586734373,-8.10464606140909,PURPLE
-5.224634818933027,2.200513688503058,-2.4301783496279796,3.3337959463297313,-7.579017638215535,-6.816767052957397,BLUE
9.209676542863862,2.0348550973541606,7.059671763520614,-0.3518526781015723,1.4420431023387277,6.144907391177453,PURPLE
7.100443958059765,-3.703566430507334,-3.2188288176505644,-7.784328226633895,9.260713450185674,-7.9653212648233715,GREEN
2.736120613253867,9.82339852942381,7.957884532825281,-4.211457977388959,-2.4762157301254106,6.5999056560757925,GREEN
-9.16955168294276,3.773819020418264,-3.0774110344191206,0.6170507630874535,-7.478160466732909,-7.909408637605219,GREEN
2.089994136483682,0.8845934207606678,-1.6425050124053584,8.637819557272207,3.444705541546286,0.7435747665786021,GREEN
-2.9274197274469387,1.095181418286149,3.8063786660233614,-3.334291089260729,-6.187177490374166,9.933699381875511,BLACK
-4.074429671836282,-5.78384015608144,-7.41470334873893,9.646950684094962,1.365586691566211,9.119568220695955,BLUE
8.659897579670114,8.418635620597906,7.474867677744646,-0.2207020258806498,-9.610353025568667,8.284198094516034,RED
0.3457981948095199,-9.009948239454799,3.2268771002270267,-5.248967363300566,0.9852169398203436,0.0829575687118993,PURPLE
-2.9022525054885318,-2.204536862029932,1.169376089279135,-2.487094686019578,0.5928449355127388,-0.23431737680671105,BLACK
7.358515595103052,-8.92823979212737,-4.23048367253386,-0.12234847407141558,-4.247982716628031,6.00023253273932,BLUE
-0.9111234984989238,-1.7642448307350982,4.875076622972877,-1.196049176522651,1.7386913859459625,6.49655205257328,GREEN
-4.768296480252657,9.05711103533975,-4.49173408739037,9.917427811310324,8.184692080984034,7.441840598912824,GREEN
-8.306819810311424,-2.322988382286411,-4.947311232091923,7.429205448039065,-8.592564855504829,9.223091723450365,BLUE
-2.488428470519752,-2.153693481276348,6.235998982965574,-5.147095440581489,5.17235671519725,7.374918425360358,GREEN
-2.6973743716651946,-9.142261713104833,4.904871619282115,1.5054317619779916,1.1038152558023402,3.5504902052408767,GREEN
5.696173395669653,-1.4270107550016373,-6.402354405181507,-0.8432663669675957,-0.4687503992933948,4.434598122357457,RED
-7.9042798279252695,-4.027569988587505,3.850932138498898,9.55162482071666,0.9593912507252629,0.7655194977280662,RED
-3.641542484462952,-9.31666354937577,-4.882890256589153,-4.41156349881066,-1.508430501593292,5.52605984667769,BLACK
1.8666830713628038,0.9697214234306255,-5.9151370920958914,6.754844975803904,7.212124502434294,5.61061244544174,GREEN
-4.087427321484766,-7.382328815505572,1.6169098587826642,9.850519138638747,-9.334086638775679,-5.910773941060658,PURPLE
-3.4432181980256322,-5.7469199435361,3.610954870620601,3.6680777757337424,-0.4855251532537377,9.776136179374438,RED
2.999602326896392,-2.1764662552150362,-2.056942620224259,-5.710809868594943,-6.597049026254929,-5.267461147974568,GREEN
5.970629651094995,4.253686618346942,-5.35110479046085,-3.9729669922009405,-0.7565820840003212,-7.44511979960182,RED
0.35171232448797873,-6.695580802375619,6.111050409785774,-9.893957385564052,-2.527006864778661,8.220067419727611,GREEN
-1.4158221481193483,-2.4507032264959134,-7.3891936123677215,0.8906676829502871,-1.5298907302050182,-8.784099034006466,PURPLE
5.184793023448689,-3.940924910608902,0.9993885851785915,5.164122735561985,-0.3126061659584618,1.1440143187279723,BLUE
-2.9885952204096604,9.68548982806684,3.8241498397734315,-2.0927679995612607,1.343174241066114,0.9276571191849143,BLUE
0.001013206942705125,-1.4003088358538296,0.7454260295285522,-1.095203320530711,-7.540284378771225,-5.701869367237612,GREEN
3.6113014558296825,2.61403860588781,-0.6933980832799431,1.2814723985947882,-0.8098317352083093,6.291025703391481,RED
3.5628399033184355,2.633850799403895,-4.22227315517831,8.979204661369819,4.796121503202272,-7.444515391180021,GREEN
0.1821237945581391,9.072825266156132,-3.115108085220884,-8.052645953580612,0.9114165782526733,-9.348776172686415,RED
6.823288212177141,6.754361733756175,1.2571929640406303,6.092493035082732,-3.9466691155198577,5.795578301163552,BLUE
9.912071397806523,-3.9933437561797893,5.1287352790713765,-7.491370603129912,4.771791161413274,-3.199273901185233,BLACK
-6.511231244492649,-7.208937581330417,5.099308484108102,-2.0733333188226215,9.072218502510056,-0.5588109457203387,GREEN
-2.7192096397821492,-6.226401060594487,5.90653038596712,-0.20560730356522328,-9.736868914629905,7.77519364445366,GREEN
-2.3153556766289736,-5.612473711760074,-0.320678283527128,6.466165768828725,3.757146440810601,8.4347150434342,PURPLE
-6.161730107719275,-8.77142330517497,-2.434276910576296,9.364883611423943,-6.385480465128028,4.383777908686666,PURPLE
7.315920064316236,-8.778727178232913,-6.3218629533909105,-2.847728260276453,8.054024356097267,-8.609220600282415,GREEN
4.248133815733738,4.289127234760244,-1.3985657207194233,8.680243683779656,2.350794486351539,-8.299733721353164,BLUE
-9.843280107930756,0.2769203468892858,2.3920584317088256,-7.724936590874222,5.627376716865157,3.310205922951761,RED
8.771900731969653,5.7652256328465565,-4.11754697513166,-4.860375212732869,-3.7479041310713956,-6.568901370660262,BLUE
6.377114481274843,-8.964131264153387,-3.484529653037929,1.1325830708242535,-3.918993536343086,-8.169251899916274,BLUE
-2.292400730180143,-6.109958462517274,-5.669266545040936,-3.1047417479569646,-8.789753773377381,6.627644598180266,GREEN
-8.054559360923463,-0.6748061788092965,4.18959980283581,-9.842285931060932,-8.02846164313064,-4.122698154755042,GREEN
-5.2046786695530045,5.625211389295703,-3.348720163332983,-2.4285573293695144,0.29567341487429566,4.254811736238313,PURPLE
5.169600515502882,-2.1962458309311037,1.5480390654607383,-6.087777577333378,4.692383828228632,7.316922810083353,BLACK
7.947873454686013,4.380034849401175,6.693725943645026,-5.6592282827461045,-2.6544799582129492,-9.541589744038298,RED
-2.3447545388600046,0.24025814043927518,-0.4188245740730192,8.484726499273842,-3.5734826123220103,8.49734621123993,PURPLE
-8.607069271248127,9.259754428265763,-6.23270739658415,3.145805500250283,0.1373750455602547,-9.25906651687471,PURPLE
6.911016145001865,9.511135740539592,-4.0384552216411835,-9.89364187436225,9.739881431642287,-1.2982440956187933,BLUE
-6.04852494620312,0.9047726714597193,7.410955445361667,-5.521732131392807,3.0596880257227372,9.637913691262712,BLUE
-4.576614364333716,-0.12308395854516263,8.755747505885862,-7.61727234175886,6.363415142893233,8.483064457621472,RED
6.3995803560677285,5.233274497517712,-2.701308536083693,9.591431855210745,-3.673922747211255,-1.2920822642336098,GREEN
8.335571252738463,5.480728631080575,-6.543713476347447,-1.4711003431830392,5.348686130962136,9.182008602267837,GREEN
7.804192696287183,1.5638237703676996,9.944270857932073,4.479362541100196,8.330288148631391,-1.543878665339582,PURPLE
6.344408765281544,2.4387653715229156,6.886841771334202,6.8054635592905495,6.436102199448785,-2.8502033783971195,BLUE
-8.659978625104484,-0.3915751997487593,-7.621697511321212,-7.715206682530446,-5.1632532899517205,-5.492584412492753,GREEN
-1.0588584745968799,-7.733946342194505,-9.127712402667399,3.296577026011539,2.278988102191736,3.6841470964645566,GREEN
8.714466590950382,-9.59140550210541,-2.4840108543766446,0.73853538480477,0.10228009372841385,1.910650924118416,GREEN
5.103246960861627,0.558279802138788,-8.263144882768627,-6.318017261840115,4.559525638746701,3.1739167951877576,BLACK
-4.613060692455612,2.921042998027671,-2.4316647028463967,4.321380356135608,-3.817279130870488,0.9871998344900135,GREEN
7.078859551664925,-4.084711521492841,2.3351845699669163,8.75605290232284,-3.9028158478103983,-4.705543111966163,BLUE
-9.65056692880791,0.9745112323971323,-7.106908639656992,4.543272997613208,-3.929324433816789,0.6158565948804995,RED
-1.4977588251371756,1.5771822164516216,4.535985750767072,9.27216300690836,4.431369133658441,-1.8479565853221036,PURPLE
-6.1105108149973475,5.6116229233754655,-1.8827948696427743,9.256522679272537,9.087828647272252,-1.849448715612537,BLACK
8.18552417329215,9.543016757357856,4.621000981281556,-3.020448830525437,-7.030625883738626,3.9349040326799134,PURPLE
4.95161317363015,9.80181753412919,9.59505669385217,3.269892502138397,8.469518852577389,1.7917917976554314,BLACK
8.559936337653626,2.635397134292857,0.9497630038908174,4.255164250132836,7.6136650052879755,1.8470734060042524,BLUE
-2.305691149664324,-6.186046400467763,-1.492312657207421,-0.8725171966103922,-6.109375029888298,5.297471486981419,RED
-0.8042992206701829,7.953496788269314,0.11552530071083922,-6.124276955003991,-7.645908573295953,3.999665559840823,PURPLE
3.722807816490409,0.14013420556198142,-3.6656535288678294,6.720105162442936,5.738828604673303,9.643475735063321,RED
-7.921534054649745,-5.212357802551907,3.913163745112909,9.86278114040868,6.685038817409927,4.569036183848404,PURPLE
-2.063367596623835,-5.3665592941003695,2.954180092798623,-4.201485739486148,-8.459620742918343,7.775311735279063,BLACK
5.902402156130307,0.4097538087630852,-3.545630947870661,0.14282570742224543,-2.8705095557448628,-8.944078360395125,GREEN
1.423852690972721,5.2562158701663595,-6.224585898207324,-6.537556342342128,2.441333688324388,4.372854814982496,PURPLE
-9.462645405564219,0.2727575267676361,5.3464079006445395,-7.27293185979491,-1.6305894014768203,-7.600817991065096,BLUE
6.7858630555870985,-7.2014549844008,9.721228506645884,-5.6666780773883625,-3.7438213837159022,-1.4366035145570653,RED
-8.442193605163737,8.909447972010794,5.187465946221138,-1.7420071450366983,0.15258003774940754,-4.080307089322322,RED
-6.962104240393764,9.401342981226884,7.566081012615575,-0.25675540536424535,-0.049841448492284,-8.346267298729442,BLUE
-9.115577035806695,7.720217469719762,7.28624312235347,7.340613319400832,-6.038431485636509,2.4435122074322972,RED
-7.064248861320462,3.3678834980654777,4.070498801936932,-9.473291703242698,6.216044168376941,8.22689791491941,BLACK
-5.29526518538052,-4.7775378309097745,-0.4558904003299311,-1.399417003259039,1.5301502742453117,8.209739374089095,PURPLE
-1.5245050709070629,5.165465543819456,-1.1331385332354103,5.439512787269415,2.916638208982395,-4.457741009752679,PURPLE
2.5700374544549387,-8.719300586730881,1.4968398450366998,-3.2772133824733345,-4.508639340070889,2.305551995077021,BLUE
-2.787218827212925,0.6918974435786129,2.32134008790678,6.496820478890266,-3.6841277194776616,-3.8167242904274623,BLACK
-8.579169586634944,-0.23041122675274472,2.231483054927942,5.661931371700851,6.951293886988394,-1.5414079496778328,PURPLE
-2.887385759837618,-2.9865611787957125,3.0331391325991053,0.8141208731225245,7.986555578697663,-9.61565131768505,PURPLE
8.139874729138855,4.310456854412482,2.0791637121715674,-1.3645175415070288,6.053170648756801,8.351077659221312,BLUE
9.523909782505713,3.621614986156727,-3.315876520845893,-1.6464125665972738,-1.3371248687631727,2.400034040697543,BLACK
-4.340107386614304,8.470964851560426,3.3312424854151743,-1.3248730720517496,-3.4115547046032573,0.3909370039843676,GREEN
-6.175730591074567,4.620457097877324,5.883555337522424,-5.777356169152479,3.7032319237396862,-4.832466829936799,GREEN
9.652321636042023,7.412468732333492,-8.318276575544644,-3.0897873046763404,4.24163245171933,-7.663689280527327,BLUE
7.861759513083149,0.36958201756962517,7.602882853319786,0.8074471063968947,7.926211691157219,1.6331522115828747,PURPLE
2.786865768199778,2.4599973437597438,-7.842939666622861,4.5274731784023725,-5.290415705583145,6.1432272262189205,RED
1.1980821991883222,7.500450192555869,-3.9854923608511124,-2.3614655074429463,-7.5003060511537205,-2.760487591143428,PURPLE
5.162020863880901,-8.023178242706653,2.482203153622569,9.108925951444379,-9.557221490014966,0.5744535922203315,PURPLE
-4.063879469377428,-3.661658342290198,0.09096083102122421,7.81274971828344,-6.165023064738597,-9.33059539571093,BLACK
8.28049107871452,8.212031982850755,-9.46196282733694,-6.577097813465793,2.9316989125006394,-8.383033342660099,PURPLE
9.77117541620653,-8.505558536213464,3.5070811132079918,9.070296928533141,6.729233321311883,4.330601197373689,GREEN
5.630266471212748,-9.61638869771115,3.59927500543108,3.2543624081263474,-4.0453793102543685,-2.8949314063106453,GREEN
1.858256098225045,-7.199927022571773,1.6616393387533783,-3.832501414768436,-4.87293379473214,-9.247071710804303,BLUE
-6.646838895643548,1.3148912192410318,4.8824298836136535,0.09367448437443038,4.449716459419417,7.548761680325745,BLUE
8.076062976543616,-6.251870268262698,0.9411303560421516,1.0957969443415188,7.289901284059065,8.480972063179594,BLUE
-6.735494038861999,-1.9725785514192102,-6.265084286182628,-7.626939770647717,-8.335061497551795,3.8936635395413166,BLACK
-8.028726796653325,9.260260329276955,0.4206428187120448,-9.499093628001726,4.874450236686815,5.103658626327817,PURPLE
-1.8892843546772706,4.67173229055164,5.092488489611,4.32045514136272,8.50460802945132,-7.926198050538919,BLACK
4.553657658620196,9.826885646369762,6.248456093564895,4.674525055355703,-1.9134196119469413,-8.735447248348802,BLUE
-5.593104417098366,-2.9963017171926287,1.7845539630283156,-8.893890945725987,-7.102500378434129,-0.8106254180248786,BLACK
-5.21128296392059,-5.978500514656256,0.09903908926217575,-5.751633166200628,7.69047348851892,1.2154794649251173,PURPLE
1.3963323863577273,-9.310276994439397,-7.249319502920757,6.586133081345123,-1.2334946210620785,-3.343799205653351,BLACK
-2.2697245477302364,-3.3880557443236174,-3.0580863665495306,-9.554703007045061,-0.7698682746383163,7.9740607574701965,PURPLE
-1.9919105179679324,8.381396288808764,8.310954710143994,-9.419996461787472,-4.847374184700958,-7.45214788507648,PURPLE
-5.252636316203733,5.795119049403857,1.1431099557749516,-6.860651568000191,4.695980020034865,5.759183091336821,BLACK
-2.8977569367833693,5.7267885542247985,-6.064228797696748,-4.597799981469367,-7.784656293581551,4.114933835043775,GREEN
8.008504574982302,0.9007334500266673,3.307207675190279,5.791553422894866,-2.1254788843106596,0.4688781475625916,PURPLE
-2.609690646073857,-7.269350497121971,2.6921318780728036,5.523578653998406,-2.588779268477883,-6.943381970896539,BLUE
-7.89747858559617,0.5528206109152247,5.798522804457665,-8.153943497947548,-4.598226989452894,5.839561689127153,GREEN
-3.490879077924868,-6.661251424048141,0.28006897393973595,7.925604774257076,1.1567336542239204,8.433028030975644,PURPLE
7.883601152710776,8.130543120074451,3.0426405165048624,7.054147341663517,7.865402897447305,-0.4955204480558706,RED
-0.6220509399656091,0.7595685229170801,8.054332281525857,3.3187951782336054,8.211367083965134,4.089842731062065,BLACK
9.341111081839417,1.5225275838834094,-4.2515271101807555,5.821699629689826,2.677283666811139,-9.346590818411327,RED
-1.9643708684162702,-9.358115478177076,5.313485813908622,4.849591020394213,5.214295619320501,-3.714346253516628,BLUE
-5.033040719055951,-6.05701984793972,-1.4826719156061223,7.288677654909355,0.9654496791528739,7.474197647223436,PURPLE
1.9095377816304957,3.306206149040074,5.596868605424225,0.07546636200778245,0.41055415322066047,0.14807998149758994,BLUE
8.038887580143433,2.643493306950658,-8.527452130908586,5.450742795603011,9.307244681574483,-4.032561691423607,GREEN
-2.843376299741477,3.9127824706030925,7.4374875457145055,-5.188257803954796,0.4412312215592191,-6.7419625063770585,PURPLE
-0.09878566808680489,-9.589779602815252,-1.109995657037711,-0.8275997514153062,7.029477391678773,-2.149694171237468,RED
7.993476979450682,1.1684420241447935,7.069464784632464,4.560216120354163,-9.470016002315887,-6.904001551566877,BLUE
-9.438024503375141,-0.0007858840476835383,8.652227055943962,-2.5779402817703962,4.95475093131923,-7.390691649831441,BLUE
-7.258609422054343,-9.359749214764992,-4.820806477532296,6.247955165939265,-0.8451653666574366,9.241889884651256,GREEN
9.710982383953274,2.0860692885255077,7.612458151804459,-8.159028488211653,6.652622459366873,3.2906419738696737,PURPLE
5.213073800836719,-3.8030221288745345,-5.518565623893493,-7.0037219519797365,7.461743348067122,-6.070383223470003,BLUE
-2.7054864585876963,4.785784547274801,-1.6079475559245182,-8.949152693226512,3.2490024359132548,-7.0120340686953355,GREEN
3.9416408833655474,-8.245726523319508,-7.128951872190019,-3.2324867846196526,1.984476958612344,-3.431109984924963,BLUE
8.513351081751308,1.6520440454506495,5.806567463830044,2.6269934534814823,5.610411625628322,-3.8211100329899548,BLUE
2.0032624265901617,6.621356803758756,5.795036578413415,-0.6581209312420668,8.056130967286547,-2.1600645413073734,BLUE
-4.222249360735221,-6.014786474925252,1.9117975815718466,0.8376280434348882,-9.648504596600496,-9.585961889734754,PURPLE
1.8096422883203207,0.03054922167867069,-4.596234084721451,-3.429371232362998,7.8296714253747,-4.744780418860998,BLACK
8.85597433110595,6.070080352299636,6.6398462664373366,8.432847833409179,5.723073537662895,-2.8969634080521196,GREEN
-3.877583369666513,-3.1199841625553644,2.112696806359022,-4.224567716196588,-9.719340993924105,-7.832824156646232,GREEN
-6.423870756545,3.1880329381402337,8.66766717187509,6.702213791793456,-0.2006011237913956,-4.0806562889124445,PURPLE
-4.154460455943227,-7.371179940311429,-5.296490904012694,-2.4688315136932824,0.3638368075304861,4.330440405097544,GREEN
8.146546282156605,-8.708481781829118,-9.115067191417085,-5.326315313931483,-4.2654443397200525,-7.609420962785741,PURPLE
3.1692896396324066,6.159798235686656,-3.5174045553986524,3.3692915672346455,-4.5998769608468235,-4.721659990920704,BLUE
3.746319914834068,6.367057483745564,0.24891334233757867,2.022715770616273,-4.757161208445022,-1.174193254379741,PURPLE
8.809246091416918,-1.1770281932662474,7.2662398177499465,-3.8891343515455388,0.2529790548002264,-4.843588475473532,BLACK
5.027137095944504,0.59413683940293,0.5359985295848997,-6.1279512096225695,4.587849369305207,-5.880479285923428,BLACK
5.837522704081884,-7.639302302731387,7.233069525769574,4.286525050680309,-5.095881906066961,-0.36389773732490127,BLUE
-4.367573955072622,5.9549839783557665,8.93510824572097,-8.656131658616147,-8.71260233582416,-8.319100635242378,GREEN
4.4246324174059115,-2.5357532646920022,3.8879234962869287,2.303770010811318,1.9020344317334459,4.251414697905522,GREEN
-7.618299358767292,-4.768883892359562,-7.932003538918912,-1.0328657251928206,-7.642667988446748,5.6166846290719565,BLUE
0.5235472495130686,0.7396153787113295,-0.8578627157088903,0.9530319175768192,4.601993518371893,-9.44446365894035,RED
-4.392512663003603,1.1162176001832922,1.2472608202225732,3.334426836577169,9.65511501556601,-0.41253907261487655,BLUE
-8.789298354482806,-8.15053983723457,1.5930090308112614,-9.002059487664255,-4.324628231173101,-2.130887620214372,BLACK
-8.053439603852103,3.976950247519815,9.451822390264146,-0.7038612028884632,-2.4094367464054685,-6.849406188569461,PURPLE
-3.1743046375987136,1.4099161101583473,-4.899036843023756,-3.5096242422545405,-3.567285033134584,4.570913828972248,PURPLE
-0.5013103998362425,4.972067697507885,-0.18728651765996318,5.917857116588399,-6.682364782613437,-8.803245879446212,GREEN
7.458301004366108,-7.112116234900072,-4.166647681429716,-0.271631908718879,2.3365211042141745,-7.117494124986818,RED
-6.209046838705575,0.6972157662850407,-7.891175333104442,3.7144568526928516,-3.103141607999829,0.4076981336237022,RED
6.45227736794155,0.883071405896354,-9.24704071471431,2.5121734920964727,5.440816765422785,-9.081068460272261,GREEN
5.283485339383224,3.928427167984962,9.134565695280928,-2.52499706750367,6.244835094834459,-4.908610000734642,BLUE
3.916547162902166,4.2657779841389285,-1.7515475761535892,-1.1260638724515584,-0.9301239249077664,8.066288348278144,GREEN
9.061265679578538,1.0037814212767522,1.1760173990648166,4.525341209591414,0.19670705951361178,3.8410582356203395,BLUE
0.8307223374334143,-8.288915248156455,8.694557491085343,1.2502758397971032,4.355480564573613,1.2529923341195577,GREEN
-1.8327076332449312,2.1227710221850256,8.38704574510299,-1.645296092508831,7.2981862757943095,0.42145050321207833,RED
-6.7538428137362665,-0.20302721644998023,3.9678573118153846,-0.7860321734303568,-9.645840462789735,2.6380711409699362,PURPLE
4.207026856160752,-7.843667341681712,5.7298279083358015,2.420628378567942,-1.8549719755017513,-1.166423504300278,GREEN
4.388821079872427,-1.2379777912438215,1.030830686096202,4.564043828450918,-0.9005671527449461,6.886200774835848,GREEN
4.8746478499183805,1.010287272459994,-8.40702103766554,-2.871861764859541,-2.0510418835467856,7.7251786561716305,GREEN
-1.094698685235894,-7.457522144669854,0.3983460329585409,-0.21376459927325442,5.429400958189582,-7.909976052883959,RED
-0.9558223315411656,-2.808140692091979,-5.9490209537161824,-4.465966139475598,8.459820297213648,-0.893144276644156,PURPLE
6.834924807216522,4.849724869004456,-4.250716191729033,-0.7837594131601087,7.157425015036212,-3.123154429109621,PURPLE
-9.74871226774911,4.525608626575043,1.520340034639947,2.7470125128400227,3.5778294434155455,3.219820742409345,BLUE
-6.467989429063294,-9.180461644164666,3.0164536590591773,-5.350513871928822,-1.1679028536438558,-4.661816961665553,BLACK
9.78705220824129,-6.653590966921172,-7.634826399706645,-2.2260773575339448,0.2980408300439876,-9.501197669639339,BLACK
-0.6365784338341047,6.52198925893928,-2.5955899067676906,-0.26774978250661796,-5.993728876161101,7.340267886198836,BLUE
-4.906052449620984,9.540197940208563,4.7986463010216,-7.822486276673619,-8.982875292827758,4.047769991256452,GREEN
-1.298088640150361,-7.779298009671382,8.760155496537626,2.5197311770209296,-2.928110723154415,-3.9858302581502754,BLACK
2.314979061868369,1.0940370707907547,-3.3187232869074315,0.11598167490940625,-4.343829684150466,-1.7450153237144619,GREEN
5.754264782002368,-3.1377783416004856,8.071824162407994,2.161449674122995,-5.662034670332688,-8.955212379839239,BLACK
-6.329987859571211,8.312569023256332,9.047802928987595,-8.042843374857274,3.8398872946633915,-1.6710440492061114,PURPLE
9.8751241217317,6.882379814617428,-3.022102097745771,4.868672592917044,-1.793778823304443,-5.419982564655103,PURPLE
9.837978604026569,6.477891325404515,-1.2828755723540546,-7.581882742426865,-1.6580206783924503,-5.73924532224422,BLACK
-8.856920633381186,2.0461613588857492,9.351995332439861,0.07565110755956006,1.9030729591165176,-5.140824990493501,PURPLE
5.198122750846711,-9.152075798946408,-1.3280620509205079,-1.430523226123924,1.0436515538919746,-7.512450962040985,RED
6.2664087835874245,-1.4554850424935655,0.1883813021250269,-3.4666503344373734,-7.543780962976281,-7.1044596779055755,PURPLE
3.3171181519348014,0.9992059777879607,6.130696671452567,6.727528223657407,-7.214710631058022,-7.85749612515964,BLUE
-7.771395979309183,9.054657639027214,6.755727988275643,9.281762716507666,4.4483011639405206,-9.609258190710769,BLACK
0.3656867635343559,-1.1094769760354932,7.3582712167932005,9.629828853845234,6.376219283702413,-3.951304941152485,BLACK
0.35114518826644137,1.4635690005636803,9.844223857965646,3.135201088744905,4.4195832107287405,1.0946958857859457,PURPLE
9.30829817642004,1.8397370015507288,-5.778972025296969,9.153295244539072,-2.7275299775984996,8.486322905574385,PURPLE
0.6163029221488756,-4.786115575202043,-0.45635176278302936,0.23871908647906714,-3.003746801338968,4.247291546706094,GREEN
-0.26296609370928437,9.664003935753206,3.8948137373116225,-4.074728596717244,-5.458651145083135,-5.780021596574495,PURPLE
3.684607842675476,-6.578614073784142,6.883580909207376,-9.852383864861178,-8.939263655199198,8.432033976377783,BLACK
8.083172712624604,4.585844775245217,-8.434036378266544,-7.235271479575105,2.027822757853812,5.920197848452682,GREEN
